34.7206993121 : [  65.66666667  145.23529412  194.09803922] : [  65.66666667  145.23529412  194.09803922] : 0
35.0815585184 : [  65.66666667  145.23529412  194.09803922] : [  65.66666667  145.23529412  194.09803922] : 0
35.1016390435 : [  65.66666667  145.23529412  194.09803922] : [  65.66666667  145.23529412  194.09803922] : 0
35.1632716077 : [  65.66666667  145.23529412  194.09803922] : [  65.66666667  145.23529412  194.09803922] : 0
34.7221968708 : [  65.66666667  145.23529412  194.09803922] : [  65.66666667  145.23529412  194.09803922] : 0
35.064329045 : [  65.66666667  145.23529412  194.09803922] : [  65.66666667  145.23529412  194.09803922] : 0
34.9022373926 : [  65.66666667  145.23529412  194.09803922] : [  65.66666667  145.23529412  194.09803922] : 0
34.960189812 : [  65.66666667  145.23529412  194.09803922] : [  65.66666667  145.23529412  194.09803922] : 0
34.7120899748 : [  65.66666667  145.23529412  194.09803922] : [  65.66666667  145.23529412  194.09803922] : 0
35.0621502949 : [  65.66666667  145.23529412  194.09803922] : [  65.66666667  145.23529412  194.09803922] : 0
34.9392801165 : [  65.66666667  145.23529412  194.09803922] : [  65.66666667  145.23529412  194.09803922] : 0
35.0448000792 : [  65.66666667  145.23529412  194.09803922] : [  65.66666667  145.23529412  194.09803922] : 0
34.7894330342 : [  65.66666667  145.23529412  194.09803922] : [  65.66666667  145.23529412  194.09803922] : 0
34.9054285826 : [  65.66666667  145.23529412  194.09803922] : [  65.66666667  145.23529412  194.09803922] : 0
34.8430866199 : [  65.66666667  145.23529412  194.09803922] : [  65.66666667  145.23529412  194.09803922] : 0
34.5346339409 : [  67.  147.  195.] : [  67.  147.  195.] : 0
34.4661864827 : [  70.09803922  148.96078431  196.05882353] : [  70.09803922  148.96078431  196.05882353] : 0
34.7097464973 : [  70.09803922  148.96078431  196.05882353] : [  70.09803922  148.96078431  196.05882353] : 0
34.6576158671 : [  70.09803922  148.96078431  196.05882353] : [  70.09803922  148.96078431  196.05882353] : 0
34.0590184122 : [  70.09803922  148.96078431  196.05882353] : [  70.09803922  148.96078431  196.05882353] : 0
34.0590184122 : [  70.09803922  148.96078431  196.05882353] : [  70.09803922  148.96078431  196.05882353] : 0
33.3480388446 : [  64.33333333  143.47058824  193.19607843] : [  64.33333333  143.47058824  193.19607843] : 0
34.0811157831 : [  60.33333333  138.17647059  190.49019608] : [  60.33333333  138.17647059  190.49019608] : 0
35.2784947382 : [  56.33333333  132.88235294  187.78431373] : [  56.33333333  132.88235294  187.78431373] : 0
34.0013758226 : [  51.          125.82352941  184.17647059] : [  51.          125.82352941  184.17647059] : 0
32.6006244323 : [  47.          120.52941176  181.47058824] : [  47.          120.52941176  181.47058824] : 0
30.1961540056 : [  41.66666667  113.47058824  177.8627451 ] : [  41.66666667  113.47058824  177.8627451 ] : 0
28.8307410064 : [  35.          104.64705882  173.35294118] : [  35.          104.64705882  173.35294118] : 0
26.7543355467 : [  29.15686275   94.58823529  161.70588235] : [  29.15686275   94.58823529  161.70588235] : 0
50.1362075096 : [  23.66666667   84.          147.        ] : [  23.66666667   84.          147.        ] : 0
53.1323524014 : [  19.2745098    75.52941176  135.23529412] : [  19.2745098    75.52941176  135.23529412] : 0
56.8295977219 : [  14.88235294   67.05882353  123.47058824] : [  14.88235294   67.05882353  123.47058824] : 0
59.0782525065 : [  11.58823529   60.70588235  114.64705882] : [  11.58823529   60.70588235  114.64705882] : 0
60.2960737378 : [   9.39215686   56.47058824  108.76470588] : [   9.39215686   56.47058824  108.76470588] : 0
61.5953507032 : [   7.19607843   52.23529412  102.88235294] : [   7.19607843   52.23529412  102.88235294] : 0
61.9837360809 : [  6.09803922  50.11764706  99.94117647] : [  6.09803922  50.11764706  99.94117647] : 0
62.965930218 : [  5.  48.  97.] : [  5.  48.  97.] : 0
62.8910961321 : [  5.  48.  97.] : [  5.  48.  97.] : 0
62.7059906578 : [  5.  48.  97.] : [  5.  48.  97.] : 0
62.1384212869 : [   7.19607843   52.23529412  102.88235294] : [   7.19607843   52.23529412  102.88235294] : 0
60.1889605844 : [  10.49019608   58.58823529  111.70588235] : [  10.49019608   58.58823529  111.70588235] : 0
56.9947383823 : [  14.88235294   67.05882353  123.47058824] : [  14.88235294   67.05882353  123.47058824] : 0
53.020045623 : [  20.37254902   77.64705882  138.17647059] : [  20.37254902   77.64705882  138.17647059] : 0
49.5961509124 : [  25.8627451    88.23529412  152.88235294] : [  25.8627451    88.23529412  152.88235294] : 0
45.3647458019 : [  33.66666667  102.88235294  172.45098039] : [  33.66666667  102.88235294  172.45098039] : 0
30.5207249674 : [  41.66666667  113.47058824  177.8627451 ] : [  41.66666667  113.47058824  177.8627451 ] : 0
33.689240659 : [  48.33333333  122.29411765  182.37254902] : [  48.33333333  122.29411765  182.37254902] : 0
36.9861328081 : [  53.66666667  129.35294118  185.98039216] : [  53.66666667  129.35294118  185.98039216] : 0
37.0142215643 : [  57.66666667  134.64705882  188.68627451] : [  57.66666667  134.64705882  188.68627451] : 0
31.072632809 : [  60.33333333  138.17647059  190.49019608] : [  60.33333333  138.17647059  190.49019608] : 0
35.5464320811 : [  63.          141.70588235  192.29411765] : [  63.          141.70588235  192.29411765] : 0
47.6171276766 : [  63.          141.70588235  192.29411765] : [  63.          141.70588235  192.29411765] : 0
41.0398099116 : [  56.33333333  132.88235294  187.78431373] : [  56.33333333  132.88235294  187.78431373] : 0
40.460578674 : [  48.33333333  122.29411765  182.37254902] : [  48.33333333  122.29411765  182.37254902] : 0
39.9038386169 : [  41.66666667  113.47058824  177.8627451 ] : [  41.66666667  113.47058824  177.8627451 ] : 0
34.7865367572 : [  33.66666667  102.88235294  172.45098039] : [  33.66666667  102.88235294  172.45098039] : 0
31.2751792549 : [  26.96078431   90.35294118  155.82352941] : [  26.96078431   90.35294118  155.82352941] : 0
40.0088738507 : [  21.47058824   79.76470588  141.11764706] : [  21.47058824   79.76470588  141.11764706] : 0
55.2470554172 : [  15.98039216   69.17647059  126.41176471] : [  15.98039216   69.17647059  126.41176471] : 0
58.1701956561 : [  12.68627451   62.82352941  117.58823529] : [  12.68627451   62.82352941  117.58823529] : 0
60.4459799414 : [   9.39215686   56.47058824  108.76470588] : [   9.39215686   56.47058824  108.76470588] : 0
62.1191490028 : [   7.19607843   52.23529412  102.88235294] : [   7.19607843   52.23529412  102.88235294] : 0
62.2587722799 : [  6.09803922  50.11764706  99.94117647] : [  6.09803922  50.11764706  99.94117647] : 0
63.1814649995 : [  5.  48.  97.] : [  5.  48.  97.] : 0
62.7167623637 : [  5.  48.  97.] : [  5.  48.  97.] : 0
61.6173235313 : [   7.19607843   52.23529412  102.88235294] : [   7.19607843   52.23529412  102.88235294] : 0
16.036397915 : [  14.88235294   67.05882353  123.47058824] : [  14.88235294   67.05882353  123.47058824] : 0
19.1163647503 : [  22.56862745   81.88235294  144.05882353] : [  22.56862745   81.88235294  144.05882353] : 0
21.6690096902 : [  28.05882353   92.47058824  158.76470588] : [  28.05882353   92.47058824  158.76470588] : 0
23.8668470993 : [  33.66666667  102.88235294  172.45098039] : [  33.66666667  102.88235294  172.45098039] : 0
24.4596277498 : [  39.          109.94117647  176.05882353] : [  39.          109.94117647  176.05882353] : 0
25.9060282319 : [  44.33333333  117.          179.66666667] : [  44.33333333  117.          179.66666667] : 0
29.3201101544 : [  49.66666667  124.05882353  183.2745098 ] : [  49.66666667  124.05882353  183.2745098 ] : 0
30.5247147703 : [  53.66666667  129.35294118  185.98039216] : [  53.66666667  129.35294118  185.98039216] : 0
31.1477245394 : [  57.66666667  134.64705882  188.68627451] : [  57.66666667  134.64705882  188.68627451] : 0
31.622355965 : [  60.33333333  138.17647059  190.49019608] : [  60.33333333  138.17647059  190.49019608] : 0
31.7833219539 : [  63.          141.70588235  192.29411765] : [  63.          141.70588235  192.29411765] : 0
31.2475663181 : [  63.          141.70588235  192.29411765] : [  63.          141.70588235  192.29411765] : 0
29.9381517253 : [  61.66666667  139.94117647  191.39215686] : [  61.66666667  139.94117647  191.39215686] : 0
28.4082899639 : [  55.          131.11764706  186.88235294] : [  55.          131.11764706  186.88235294] : 0
25.5929276421 : [  48.33333333  122.29411765  182.37254902] : [  48.33333333  122.29411765  182.37254902] : 0
24.3425814784 : [  40.33333333  111.70588235  176.96078431] : [  40.33333333  111.70588235  176.96078431] : 0
23.9590743819 : [  32.45098039  100.94117647  170.52941176] : [  32.45098039  100.94117647  170.52941176] : 0
25.0202582443 : [  25.8627451    88.23529412  152.88235294] : [  25.8627451    88.23529412  152.88235294] : 0
26.8840249823 : [  20.37254902   77.64705882  138.17647059] : [  20.37254902   77.64705882  138.17647059] : 0
56.601072094 : [  14.88235294   67.05882353  123.47058824] : [  14.88235294   67.05882353  123.47058824] : 0
61.0979712283 : [  10.49019608   58.58823529  111.70588235] : [  10.49019608   58.58823529  111.70588235] : 0
63.5467935054 : [   7.19607843   52.23529412  102.88235294] : [   7.19607843   52.23529412  102.88235294] : 0
58.8053718326 : [  6.09803922  50.11764706  99.94117647] : [  6.09803922  50.11764706  99.94117647] : 0
57.5929823596 : [  5.  48.  97.] : [  5.  48.  97.] : 0
55.188589728 : [  5.  48.  97.] : [  5.  48.  97.] : 0
52.8832939612 : [  5.  48.  97.] : [  5.  48.  97.] : 0
52.2343042432 : [  5.  48.  97.] : [  5.  48.  97.] : 0
52.2343042432 : [  5.  48.  97.] : [  5.  48.  97.] : 0
50.89093427 : [  5.  48.  97.] : [  5.  48.  97.] : 0
50.464730661 : [  5.  48.  97.] : [  5.  48.  97.] : 0
49.8506632518 : [  5.  48.  97.] : [  5.  48.  97.] : 0
49.3102318853 : [  5.  48.  97.] : [  5.  48.  97.] : 0
48.8042854267 : [  5.  48.  97.] : [  5.  48.  97.] : 0
48.3199182317 : [  5.  48.  97.] : [  5.  48.  97.] : 0
48.0116709419 : [  5.  48.  97.] : [  5.  48.  97.] : 0
47.6084882951 : [  5.  48.  97.] : [  5.  48.  97.] : 0
47.1917811287 : [  5.  48.  97.] : [  5.  48.  97.] : 0
46.3393206454 : [   8.29411765   54.35294118  105.82352941] : [   8.29411765   54.35294118  105.82352941] : 0
44.875759238 : [  12.68627451   62.82352941  117.58823529] : [  12.68627451   62.82352941  117.58823529] : 0
43.2248888304 : [  18.17647059   73.41176471  132.29411765] : [  18.17647059   73.41176471  132.29411765] : 0
41.9630580776 : [  23.66666667   84.          147.        ] : [  23.66666667   84.          147.        ] : 0
40.7174274357 : [  29.15686275   94.58823529  161.70588235] : [  29.15686275   94.58823529  161.70588235] : 0
38.9202182278 : [  35.          104.64705882  173.35294118] : [  35.          104.64705882  173.35294118] : 0
37.3556161278 : [  43.          115.23529412  178.76470588] : [  43.          115.23529412  178.76470588] : 0
34.7700004174 : [  51.          125.82352941  184.17647059] : [  51.          125.82352941  184.17647059] : 0
37.1996621913 : [  57.66666667  134.64705882  188.68627451] : [  57.66666667  134.64705882  188.68627451] : 0
39.5612169545 : [  64.33333333  143.47058824  193.19607843] : [  64.33333333  143.47058824  193.19607843] : 0
41.5611128996 : [  73.19607843  150.92156863  197.11764706] : [  73.19607843  150.92156863  197.11764706] : 0
41.8731869195 : [  79.39215686  154.84313725  199.23529412] : [  79.39215686  154.84313725  199.23529412] : 0
41.9101501768 : [  82.49019608  156.80392157  200.29411765] : [  82.49019608  156.80392157  200.29411765] : 0
41.1646939251 : [  85.58823529  158.76470588  201.35294118] : [  85.58823529  158.76470588  201.35294118] : 0
42.0904970886 : [  91.78431373  162.68627451  203.47058824] : [  91.78431373  162.68627451  203.47058824] : 0
42.2312964988 : [  91.78431373  162.68627451  203.47058824] : [  91.78431373  162.68627451  203.47058824] : 0
42.2413418766 : [  91.78431373  162.68627451  203.47058824] : [  91.78431373  162.68627451  203.47058824] : 0
18.2934582711 : [  94.88235294  164.64705882  204.52941176] : [  94.88235294  164.64705882  204.52941176] : 0
21.3580278201 : [  97.98039216  166.60784314  205.58823529] : [  97.98039216  166.60784314  205.58823529] : 0
21.305224916 : [  97.98039216  166.60784314  205.58823529] : [  97.98039216  166.60784314  205.58823529] : 0
20.6185870848 : [  94.88235294  164.64705882  204.52941176] : [  94.88235294  164.64705882  204.52941176] : 0
24.3115046335 : [  91.78431373  162.68627451  203.47058824] : [  91.78431373  162.68627451  203.47058824] : 0
-5122.54165509 : [  85.58823529  158.76470588  201.35294118] : [  85.58823529  158.76470588  201.35294118] : 0