50 128 128
50 128 128
50 128 128
50 128 128
50 128 128
50 128 128
50 128 128
50 128 128
50 128 128
50 128 128
50 128 128
50 128 128
50 128 128
50 128 128
50 126 129
50 127 129
50 127 129
50 127 130
50 128 130
50 128 132
50 128 134
50 129 135
50 129 137
50 130 139
50 130 141
50 128 144
50 128 145
50 128 147
50 128 149
50 128 151
50 128 153
50 127 155
50 131 154
50 130 156
50 129 159
50 125 162
50 124 161
50 123 160
50 123 160
50 123 160
50 126 157
50 126 157
50 127 156
50 127 156
50 128 156
50 128 156
50 128 157
50 129 157
50 131 157
50 127 158
50 126 158
50 127 157
50 126 158
50 126 157
50 126 157
50 126 156
50 126 156
50 126 156
50 126 156
50 126 155
50 126 155
50 126 155
50 126 155
50 125 154
50 128 153
50 127 153
50 127 153
50 127 153
50 127 152
50 129 153
50 129 153
50 129 155
50 123 156
50 123 155
50 124 154
50 124 153
50 124 153
50 124 153
50 124 154
50 124 154
50 125 154
50 125 154
50 125 154
50 125 154
50 125 154
50 126 154
50 125 154
50 126 154
50 126 154
50 126 154
50 124 159
50 124 160
50 125 160
50 124 161
50 125 161
50 126 162
50 126 162
50 127 162
50 128 163
50 125 135
50 125 135
50 125 135
50 124 136
50 125 136
50 124 136
50 124 136
50 124 135
50 123 134
50 122 132
50 120 131
50 119 129
50 119 129
50 119 129
50 118 128
50 119 128
50 119 128
50 119 128
50 119 128
50 119 128
50 119 128
50 120 127
50 120 128
50 120 127
50 119 128
50 119 127
50 119 127
50 119 127
50 119 127
50 119 127
50 119 127
50 119 127
50 119 127
50 118 127
50 118 127
50 118 126
50 118 126
50 118 126
50 126 157
50 126 158
50 125 157
50 124 157
50 127 156
50 128 154
50 128 153
50 128 153
50 128 153
50 128 153
50 129 152
50 129 153
50 129 153
50 129 154
50 129 154
50 129 155
50 127 157
50 127 156
50 127 156
50 128 155
50 130 152
50 125 117
50 122 116
50 122 116
50 120 114
50 119 113
50 118 113
50 118 113
50 118 113
50 118 113
50 119 114
50 119 116
50 120 117
50 122 118
50 123 120
50 125 122
50 128 124
50 130 125
50 130 126
50 131 126
50 131 126
50 131 127
50 131 127
50 131 128
50 132 129
50 132 129
50 132 129
50 132 129
50 132 129
50 132 128
50 131 128
50 131 128
50 131 127
50 131 126
50 131 125
50 131 125
50 130 124
50 130 123
50 129 122
50 129 121
50 128 120
50 128 120
50 127 120
50 127 120
50 127 120
50 127 120
50 127 121
50 128 122
50 128 122
50 129 122
50 129 123
50 129 123
50 129 123
50 129 124
50 128 123
50 128 123
50 128 123
50 128 122
50 128 123
50 129 123
50 123 154
50 123 154
50 123 151
50 124 145
50 124 145
50 123 145
50 124 144
50 123 144
50 124 143
50 123 149
50 123 149
50 124 145
50 125 142
50 125 142
50 125 142
50 125 142
50 125 143
50 125 143
50 125 147
50 125 145
50 126 143
50 126 143
50 126 144
50 126 147
50 126 147
50 127 146
50 127 144
50 127 144
50 127 144
50 127 144
50 127 144
50 127 144
50 126 144
50 127 146
50 127 146
50 126 144
50 125 144
50 125 144
50 125 143
50 125 143
50 125 143
50 126 146
50 106 114
50 110 118
50 110 117
50 111 119
50 111 119
50 109 118
50 106 116
50 108 117
50 107 118
50 107 118
50 105 117
50 103 116
50 99 115
50 96 115
50 96 117
50 97 119
50 97 120
50 98 121
50 99 123
50 99 124
50 100 125
50 101 125
50 124 149
50 124 149
50 119 144
50 119 142
50 117 139
50 117 140
50 118 140
50 118 141
50 121 143
50 122 145
50 122 145
50 120 143
50 120 143
50 118 140
50 118 140
50 118 140
50 119 140
50 119 141
50 119 140
50 119 141
50 119 140
50 122 146
50 122 146
50 121 144
50 120 143
50 120 143
50 123 146
50 123 146
50 99 113
50 99 113
50 99 114
50 99 114
50 100 115
50 100 115
50 100 116
50 100 117
50 100 118
50 100 118
50 100 119
50 101 119
50 101 120
50 102 120
50 101 121
50 101 121
50 102 121
50 102 122
50 102 123
50 103 125
50 103 126
50 104 126
50 104 126
50 105 128
50 106 129
50 107 129
50 108 130
50 109 131
50 109 132
50 111 131
50 111 131
50 112 130
50 112 130
50 112 130
50 112 130
50 123 138
50 123 138
50 122 138
50 122 138
50 122 138
50 122 137
50 122 136
50 121 136
50 121 136
50 121 136
50 120 135
50 120 135
50 120 135
50 119 135
50 119 135
50 119 136
50 118 137
50 118 138
50 117 139
50 116 137
50 117 136
50 119 136
50 120 136
50 118 136
50 116 135
50 116 135
50 120 136
50 122 136
50 126 141
50 124 142
50 131 65
50 131 66
50 111 73
50 111 73
50 111 73
50 111 73
50 111 73
50 111 73
50 111 73
50 111 73
50 111 73
50 111 73
50 111 73
50 125 124
50 125 124
50 125 124
50 125 124
50 125 124
50 125 124
50 125 124
50 125 124
50 125 124
50 125 124
50 125 124
50 125 124
50 108 119
50 108 120
50 108 120
50 109 121
50 109 121
50 109 121
50 109 121
50 109 121
50 109 121
50 109 121
50 109 122
50 109 122
50 110 122
50 110 122
50 110 122
50 109 122
50 110 121
50 110 121
50 119 127
50 119 127
50 119 127
50 119 127
50 119 126
50 119 126
50 119 126
50 119 126
50 119 125
50 118 125
50 118 125
50 118 125
50 118 125
50 118 125
50 118 125
50 118 124
50 109 96
50 110 97
50 111 98
50 111 98
50 111 97
50 110 97
50 111 97
50 111 97
50 111 96
50 111 94
50 109 90
50 106 85
50 101 81
50 99 108
50 106 119
50 111 126
50 114 129
50 116 131
50 117 132
50 117 133
50 117 133
50 116 133
50 117 133
50 117 133
50 117 134
50 118 134
50 111 125
50 109 124
50 106 123
50 103 121
50 103 121
50 102 121
50 102 121
50 101 120
50 101 120
50 101 120
50 101 119
50 101 119
50 101 119
50 101 118
50 101 118
50 102 118
50 119 116
50 119 116
50 119 116
50 119 115
50 119 115
50 119 115
50 119 115
50 119 115
50 119 116
50 119 116
50 119 118
50 119 119
50 118 122
50 118 130
50 117 130
50 117 132
50 118 130
50 118 129
50 118 129
50 117 129
50 118 123
50 118 118
50 119 117
50 118 119
50 119 119
50 119 120
50 119 120
50 119 121
50 119 123
50 114 122
50 114 123
50 114 100
50 113 96
50 113 89
50 112 83
50 111 80
50 110 79
50 110 79
50 109 78
50 109 78
50 109 78
50 109 79
50 109 78
50 109 77
50 108 76
50 108 77
50 109 79
50 109 78
50 111 125
50 113 126
50 114 127
50 114 127
50 115 128
50 116 128
50 117 129
50 118 130
50 120 130
50 121 130
50 121 130
50 121 130
50 122 130
50 122 130
50 122 129
50 122 129
50 122 129
50 122 129
50 122 129
50 122 129
50 122 128
50 106 131
50 106 131
50 106 130
50 106 131
50 106 130
50 107 131
50 107 131
50 107 131
50 108 130
50 109 130
50 109 130
50 109 130
50 109 129
50 109 129
50 108 128
50 108 127
50 107 126
50 106 125
50 105 123
50 104 122
50 102 119
50 114 121
50 115 122
50 116 123
50 116 126
50 118 134
50 118 137
50 117 138
50 116 138
50 113 135
50 113 123
50 113 123
50 107 116
50 94 102
50 84 87
50 84 86
50 87 89
50 87 91
50 87 93
50 90 94
50 96 102
50 100 107
50 105 114
50 118 124
50 119 123
50 120 122
50 120 122
50 120 122
50 119 120
50 108 115
50 114 121
50 117 129
50 118 132
50 115 129
50 115 129
50 115 129
50 116 125
50 116 125
50 115 126
50 115 125
50 115 126
50 115 127
50 115 128
50 115 130
50 115 131
50 114 130
50 115 129
50 116 127
50 117 126
50 115 125
50 70 76
50 102 126
50 114 140
50 93 112
50 77 86
50 71 77
50 71 74
50 71 74
50 72 73
50 73 74
50 73 74
50 77 79
50 91 102
50 106 123
50 111 126
50 111 124
50 111 122
50 111 120
50 110 118
50 109 118
50 108 118
50 107 114
50 108 114
50 107 111
50 106 108
50 104 107
50 100 98
50 92 81
50 93 83
50 95 86
50 96 89
50 95 91
50 96 90
50 102 93
50 102 93
50 111 101
50 114 102
50 114 102
50 111 101
50 108 99
50 108 102
50 110 106
50 111 108
50 113 110
50 91 95
50 91 95
50 91 95
50 91 95
50 91 95
50 91 96
50 91 96
50 92 97
50 92 96
50 92 96
50 91 96
50 91 96
50 90 97
50 119 103
50 119 103
50 119 104
50 119 104
50 119 106
50 118 106
50 118 106
50 118 109
50 118 110
50 118 111
50 119 111
50 118 111
50 118 111
50 118 112
50 119 112
50 102 121
50 102 121
50 103 120
50 103 119
50 103 118
50 103 119
50 104 118
50 104 117
50 103 116
50 103 116
50 104 114
50 104 114
50 104 114
50 104 114
50 104 113
50 111 107
50 108 106
50 105 107
50 103 108
50 102 106
50 102 107
50 102 109
50 101 110
50 104 110
50 108 113
50 110 116
50 109 115
50 107 112
50 109 119
50 115 126
50 115 128
50 113 129
50 112 131
50 109 130
50 109 129
50 109 129
50 109 129
50 107 126
50 105 124
50 104 122
50 107 121
50 111 125
50 113 125
50 115 124
50 114 122
50 114 120
50 113 118
50 113 118
50 113 118
50 113 117
50 113 117
50 113 117
50 113 117
50 113 117
50 112 117
50 112 116
50 112 114
50 112 113
50 112 113
50 112 113
50 112 113
50 113 113
50 113 114
50 114 114
50 114 114
50 114 115
50 115 115
50 80 98
50 81 98
50 82 98
50 82 98
50 81 98
50 80 97
50 80 97
50 79 97
50 79 97
50 73 84
50 75 87
50 78 90
50 83 94
50 87 98
50 92 104
50 98 109
50 104 113
50 104 113
50 107 120
50 108 125
50 101 122
50 97 120
50 101 123
50 109 127
50 115 127
50 113 122
50 112 120
50 113 122
50 114 123
50 116 125
50 116 126
50 114 126
50 110 127
50 109 126
50 110 128
50 109 131
50 111 132
50 113 129
50 116 126
50 112 124
50 108 118
50 108 118
50 109 120
50 107 122
50 109 121
50 109 122
50 108 122
50 108 121
50 109 120
50 111 119
50 101 114
50 99 111
50 101 110
50 107 116
50 108 118
50 137 131
50 134 131
50 135 130
50 134 130
50 132 130
50 130 130
50 131 130
50 132 130
50 133 130
50 118 120
50 101 114
50 101 114
50 98 113
50 129 124
50 119 128
50 116 128
50 114 129
50 115 130
50 118 131
50 100 123
50 99 122
50 98 124
50 98 125
50 98 126
50 98 126
50 96 125
50 96 120
50 100 119
50 108 121
50 111 121
50 111 119
50 111 117
50 112 117
50 110 116
50 108 116
50 108 116
50 111 118
50 115 120
50 118 122
50 94 120
50 96 121
50 97 121
50 96 121
50 95 120
50 92 118
50 90 117
50 91 118
50 92 118
50 93 118
50 95 119
50 98 121
50 103 123
50 105 125
50 106 126
50 105 126
50 104 126
50 104 126
50 104 126
50 102 125
50 99 124
50 99 124
50 96 123
50 94 120
50 92 119
50 92 118
50 92 117
50 91 116
50 92 116
50 94 118
50 98 120
50 101 123
50 104 127
50 108 131
50 112 134
50 114 135
50 113 136
50 111 134
50 109 133
50 107 132
50 114 116
50 114 117
50 112 116
50 106 114
50 108 114
50 108 114
50 117 117
50 132 120
50 108 113
50 91 106
50 86 104
50 87 105
50 90 108
50 96 111
50 101 111
50 105 113
50 109 115
50 114 120
50 119 121
50 119 123
50 118 123
50 117 123
50 116 124
50 114 125
50 114 124
50 116 124
50 118 124
50 119 123
50 120 122
50 119 120
50 119 120
50 115 116
50 110 116
50 114 123
50 124 129
50 125 129
50 121 127
50 115 121
50 107 115
50 105 113
50 105 113
50 111 108
50 111 107
50 112 105
50 111 101
50 111 104
50 111 105
50 110 104
50 111 104
50 111 102
50 112 99
50 113 98
50 112 100
50 112 101
50 112 101
50 111 102
50 111 102
50 112 101
50 111 100
50 110 97
50 109 95
50 106 92
50 104 92
50 103 92
50 103 93
50 102 96
50 103 98
50 103 102
50 103 103
50 102 104
50 102 104
50 102 102
50 102 101
50 103 100
50 104 100
50 107 100
50 107 98
50 107 94
50 107 94
50 108 93
50 115 125
50 111 124
50 108 121
50 109 118
50 111 118
50 112 117
50 112 116
50 111 115
50 113 117
50 117 121
50 120 124
50 117 123
50 110 121
50 107 121
50 107 122
50 111 126
50 114 128
50 116 131
50 117 132
50 117 131
50 116 128
50 115 125
50 113 122
50 113 122
50 108 120
50 103 117
50 99 115
50 110 118
50 104 117
50 99 116
50 96 115
50 99 117
50 100 117
50 102 117
50 105 119
50 108 119
50 109 119
50 108 118
50 106 118
50 102 117
50 99 117
50 99 119
50 100 122
50 100 123
50 96 121
50 92 119
50 94 116
50 94 116
50 90 106
50 94 109
50 102 117
50 104 119
50 102 117
50 123 128
50 124 134
50 121 134
50 118 134
50 112 135
50 110 137
50 112 137
50 116 132
50 121 132
50 122 131
50 123 130
50 125 129
50 129 130
50 131 130
50 132 130
50 103 109
50 109 117
50 114 110
50 119 117
50 119 117
50 113 103
50 92 107
50 89 108
50 91 112
50 96 114
50 132 129
50 132 129
50 132 129
50 132 129
50 131 128
50 131 129
50 115 125
50 106 121
50 107 121
50 97 116
50 120 127
50 128 128
50 104 100
50 120 132
50 120 132
50 121 133
50 120 133
50 119 132
50 119 132
50 118 125
50 113 127
50 121 119
50 119 113
50 116 106
50 112 99
50 111 94
50 107 134
50 107 133
50 106 130
50 105 128
50 124 130
50 125 130
50 126 130
50 125 130
50 123 131
50 97 112
50 100 122
50 90 109
50 81 93
50 123 128
50 122 128
50 117 127
50 117 127
50 116 119
50 128 114
50 124 122
50 120 118
50 115 114
50 116 127
50 117 127
50 117 127
50 117 127
50 118 127
50 121 124
50 122 128
50 122 128
50 100 110
50 99 110
50 99 109
50 99 109
50 100 108
50 98 108
50 95 108
50 92 107
50 92 105
50 91 104
50 91 103
50 91 103
50 90 101
50 88 100
50 89 101
50 90 101
50 89 102
50 89 102
50 87 102
50 86 103
50 89 103
50 128 128
50 128 128
50 128 128
50 127 128
50 127 128
50 125 127
50 123 127
50 122 126
50 121 126
50 121 125
50 119 125
50 119 125
50 117 125
50 117 124
50 117 124
50 116 125
50 116 124
50 116 124
50 115 124
50 115 125
50 115 125
50 115 126
50 116 126
50 115 127
50 116 127
50 117 127
50 105 117
50 105 117
50 105 117
50 105 117
50 105 117
50 105 117
50 105 117
50 105 117
50 106 117
50 105 118
50 106 118
50 106 118
50 106 118
50 106 118
50 106 118
50 107 118
50 107 118
50 107 118
50 108 118
50 108 118
50 109 118
50 123 129
50 122 129
50 123 129
50 122 129
50 122 129
50 122 129
50 121 129
50 121 129
50 121 129
50 121 129
50 121 129
50 121 129
50 121 129
50 121 129
50 121 129
50 121 129
50 121 129
50 120 129
50 120 129
50 121 129
50 121 129
50 105 117
50 105 117
50 105 116
50 104 115
50 104 116
50 104 116
50 104 116
50 105 117
50 105 117
50 105 117
50 104 117
50 104 117
50 103 116
50 103 117
50 103 116
50 103 116
50 102 116
50 102 116
50 102 116
50 102 116
50 102 116
50 102 117
50 102 117
50 102 116
50 102 116
50 102 117
50 101 116
50 101 116
50 100 115
50 98 114
50 97 115
50 96 115
50 95 114
50 94 114
50 94 114
50 94 113
50 94 112
50 94 112
50 94 113
50 94 113
50 94 113
50 94 113
50 94 112
50 95 113
50 95 113
50 95 113
50 95 113
50 95 113
50 95 113
50 95 113
50 125 128
50 124 128
50 124 128
50 124 128
50 124 128
50 124 128
50 125 128
50 124 129
50 125 129
50 125 129
50 125 129
50 125 129
50 125 129
50 125 129
50 125 129
50 125 129
50 125 128
50 125 128
50 125 128
50 125 129
50 125 129
50 125 129
50 125 129
50 125 129
50 125 129
50 125 129
50 124 128
50 124 129
50 124 128
50 124 129
50 124 129
50 124 129
50 103 84
50 102 84
50 102 84
50 102 84
50 102 84
50 102 84
50 103 84
50 103 84
50 103 84
50 103 84
50 103 84
50 103 84
50 103 84
50 103 84
50 103 84
50 104 87
50 105 89
50 107 92
50 108 95
50 110 98
50 111 101
50 113 104
50 115 107
50 117 110
50 120 113
50 123 117
50 125 121
50 127 125
50 128 128
50 127 128
50 126 128
50 125 128
50 124 128
50 123 128
50 122 128
50 122 127
50 120 127
50 119 127
50 118 127
50 117 127
50 116 127
50 116 126
50 114 126
50 114 126
50 113 126
50 113 126
50 112 126
50 112 126
50 112 126
50 111 126
50 110 125
50 110 125
50 109 125
50 109 125
50 110 126
50 111 126
50 111 127
50 112 126
50 112 127
50 113 127
50 113 127
50 114 127
50 114 128
50 115 128
50 115 128
50 115 128
50 114 128
50 114 128
50 114 128
50 114 128
50 114 128
50 114 128
50 114 128
50 114 128
50 114 128
50 114 128
50 114 128
50 113 128
50 113 128
50 113 128
50 113 127
50 99 105
50 98 105
50 98 105
50 98 105
50 98 105
50 98 105
50 98 104
50 98 104
50 98 104
50 98 104
50 99 104
50 100 104
50 101 104
50 101 104
50 102 104
50 102 104
50 102 104
50 103 105
50 103 105
50 103 105
50 104 104
50 104 105
50 104 105
50 104 105
50 105 104
50 104 105
50 104 104
50 104 104
50 104 104
50 103 104
50 102 104
50 101 104
50 100 103
50 98 104
50 97 103
50 97 104
50 96 104
50 96 104
50 96 104
50 96 105
50 96 105
50 97 106
50 97 106
50 97 107
50 98 107
50 98 108
50 98 109
50 98 109
50 99 109
50 100 110
50 100 111
50 101 111
50 101 111
50 101 111
50 101 111
50 101 111
50 102 112
50 102 112
50 102 112
50 103 112
50 103 112
50 103 112
50 103 112
50 103 112
50 103 112
50 103 112
50 103 112
50 104 112
50 104 112
50 101 119
50 102 120
50 103 119
50 103 119
50 102 118
50 102 118
50 102 118
50 102 118
50 103 119
50 103 120
50 104 120
50 105 120
50 106 121
50 107 122
50 108 122
50 108 123
50 109 124
50 110 124
50 111 125
50 110 125
50 110 125
50 109 125
50 110 125
50 110 125
50 109 125
50 109 125
50 108 125
50 108 126
50 108 126
50 108 127
50 108 127
50 108 127
50 108 127
50 108 127
50 108 127
50 108 127
50 108 127
50 108 128
50 107 128
50 107 127
50 107 127
50 107 128
50 108 127
50 108 128
50 108 128
50 108 128
50 108 128
50 108 128
50 108 128
50 108 128
50 109 128
50 108 128
50 109 128
50 109 128
50 109 128
50 109 128
50 109 128
50 109 128
50 112 130
50 114 129
50 118 126
50 122 123
50 118 126
50 119 121
50 117 120
50 115 124
50 119 122
50 124 124
50 128 128
50 128 128
50 128 128
50 128 128
50 128 128
50 128 128
50 128 128
50 128 128
50 128 128
50 128 128
50 123 131
50 117 141
50 117 141
50 121 132
50 121 134
50 120 135
50 122 132
50 124 130
50 123 130
50 94 164
50 123 131
50 119 139
50 124 130
50 124 130
50 123 130
50 121 133
50 107 147
50 123 130
50 136 137
50 136 138
50 137 138
50 136 138
50 137 138
50 137 139
50 138 139
50 138 139
50 139 139
50 139 139
50 139 140
50 139 140
50 140 140
50 139 141
50 138 141
50 130 143
50 136 141
50 130 126
50 127 124
50 126 124
50 127 124
50 128 124
50 129 126
50 131 129
50 133 131
50 132 129
50 131 128
50 129 126
50 128 127
50 137 137
50 138 141
50 93 169
50 98 166
50 98 166
50 100 163
50 105 157
50 109 154
50 116 147
50 119 144
50 120 139
50 111 153
50 96 166
50 86 176
50 74 181
50 74 182
50 83 177
50 94 168
50 99 164
50 127 128
50 127 128
50 127 128
50 127 128
50 127 128
50 127 128
50 127 128
50 127 128
50 127 128
50 127 128
50 127 128
50 127 128
50 126 128
50 126 128
50 126 127
50 129 135
50 129 135
50 129 135
50 129 135
50 129 135
50 129 135
50 130 134
50 129 134
50 130 133
50 130 133
50 130 132
50 130 132
50 113 149
50 108 154
50 105 157
50 101 160
50 101 159
50 100 160
50 101 159
50 101 159
50 100 160
50 124 135
50 124 136
50 122 138
50 121 140
50 119 143
50 117 145
50 115 148
50 114 150
50 128 137
50 128 137
50 127 136
50 126 136
50 126 135
50 126 134
50 125 133
50 125 133
50 124 131
50 125 131
50 127 140
50 127 140
50 127 140
50 128 139
50 128 139
50 128 139
50 128 139
50 127 139
50 128 138
50 127 139
50 127 138
50 127 139
50 128 138
50 121 125
50 121 124
50 121 126
50 121 126
50 123 125
50 123 127
50 125 128
50 126 127
50 127 127
50 120 136
50 119 136
50 120 134
50 123 131
50 126 129
50 127 127
50 128 126
50 128 126
50 127 125
50 127 125
50 127 124
50 125 132
50 126 130
50 126 130
50 125 130
50 126 130
50 126 130
50 126 130
50 125 131
50 120 140
50 125 133
50 125 132
50 123 136
50 120 140
50 118 142
50 117 144
50 101 161
50 104 158
50 108 157
50 126 131
50 126 131
50 126 131
50 126 130
50 127 129
50 127 129
50 106 149
50 104 151
50 125 130
50 124 130
50 116 140
50 124 134
50 124 134
50 125 134
50 125 135
50 125 135
50 113 129
50 118 127
50 121 125
50 122 122
50 122 121
50 121 121
50 120 120
50 120 119
50 119 118
50 119 118
50 119 118
50 119 118
50 113 124
50 113 123
50 114 121
50 115 121
50 117 120
50 118 120
50 117 119
50 119 120
50 121 121
50 122 121
50 124 121
50 125 149
50 124 150
50 122 151
50 123 150
50 120 151
50 124 146
50 124 148
50 124 151
50 126 150
50 126 149
50 125 149
50 126 149
50 126 149
50 126 151
50 126 139
50 126 139
50 126 139
50 126 139
50 126 138
50 126 138
50 126 138
50 126 138
50 126 138
50 124 133
50 123 134
50 123 133
50 123 134
50 123 133
50 123 134
50 123 134
50 123 134
50 123 134
50 123 134
50 123 134
50 125 132
50 124 134
50 123 136
50 123 136
50 123 136
50 124 135
50 125 134
50 125 133
50 125 133
50 126 132
50 126 132
50 126 131
50 126 131
50 126 131
50 126 131
50 125 132
50 128 127
50 128 127
50 128 127
50 128 127
50 128 127
50 128 127
50 128 127
50 128 127
50 128 127
50 128 127
50 131 151
50 131 151
50 132 151
50 135 153
50 135 153
50 132 151
50 132 150
50 131 149
50 132 149
50 135 149
50 138 148
50 121 124
50 121 124
50 120 124
50 120 123
50 119 123
50 119 122
50 118 121
50 117 120
50 116 118
50 115 118
50 115 117
50 115 117
50 114 116
50 128 150
50 128 150
50 131 149
50 133 146
50 133 148
50 140 150
50 139 150
50 141 149
50 145 147
50 140 148
50 138 149
50 138 148
50 142 148
50 138 144
50 136 145
50 135 140
50 144 139
50 155 142
50 127 138
50 127 136
50 127 135
50 127 135
50 127 136
50 127 136
50 127 136
50 126 134
50 126 134
50 126 130
50 126 129
50 125 130
50 125 130
50 116 121
50 116 119
50 117 121
50 119 124
50 121 126
50 122 130
50 124 132
50 125 132
50 125 132
50 126 133
50 126 131
50 125 130
50 125 130
50 125 129
50 126 129
50 126 129
50 124 129
50 123 129
50 123 129
50 123 129
50 122 129
50 123 127
50 123 125
50 123 125
50 126 134
50 125 134
50 125 133
50 124 133
50 124 132
50 124 132
50 124 132
50 123 133
50 123 132
50 123 133
50 123 132
50 123 132
50 124 132
50 124 132
50 124 132
50 124 132
50 125 132
50 126 133
50 127 133
50 127 133
50 127 133
50 127 133
50 127 133
50 127 133
50 128 134
50 128 134
50 129 134
50 129 134
50 129 134
50 129 134
50 128 134
50 129 134
50 128 134
50 128 134
50 128 135
50 128 134
50 128 135
50 128 135
50 128 135
50 128 134
50 117 123
50 117 124
50 118 124
50 118 126
50 118 126
50 119 126
50 119 126
50 119 126
50 119 127
50 117 126
50 117 127
50 118 128
50 119 128
50 120 127
50 120 127
50 120 127
50 120 128
50 122 129
50 123 129
50 123 130
50 124 130
50 124 129
50 125 130
50 125 130
50 125 130
50 126 130
50 127 130
50 127 129
50 127 128
50 127 128
50 127 129
50 127 128
50 127 128
50 128 129
50 128 130
50 128 131
50 129 131
50 128 131
50 129 131
50 129 131
50 129 137
50 130 138
50 130 140
50 130 141
50 130 141
50 130 141
50 130 140
50 129 139
50 129 135
50 129 134
50 130 134
50 127 134
50 123 132
50 123 132
50 123 132
50 127 137
50 128 136
50 125 135
50 125 133
50 128 139
50 130 137
50 130 137
50 130 137
50 130 136
50 130 136
50 130 136
50 130 136
50 130 136
50 130 136
50 129 136
50 130 136
50 130 136
50 130 136
50 130 136
50 130 135
50 130 135
50 130 134
50 130 134
50 130 135
50 130 135
50 131 135
50 131 136
50 131 136
50 131 135
50 132 134
50 131 135
50 131 135
50 131 134
50 131 134
50 131 134
50 131 133
50 131 133
50 131 133
50 130 132
50 130 132
50 129 135
50 128 135
50 128 135
50 128 135
50 128 135
50 127 135
50 128 133
50 128 133
50 128 133
50 127 135
50 127 136
50 128 136
50 128 136
50 128 135
50 127 135
50 127 135
50 128 135
50 128 135
50 130 135
50 129 136
50 129 136
50 130 136
50 130 137
50 130 137
50 129 137
50 129 137
50 128 136
50 128 136
50 128 137
50 128 137
50 129 137
50 129 137
50 130 137
50 129 137
50 129 136
50 129 136
50 129 136
50 128 136
50 128 136
50 128 135
50 128 134
50 127 133
50 126 133
50 126 133
50 126 133
50 126 134
50 127 134
50 127 134
50 127 134
50 128 136
50 127 136
50 127 137
50 127 138
50 127 137
50 127 137
50 127 137
50 127 137
50 131 137
50 127 139
50 128 138
50 128 139
50 129 138
50 129 139
50 131 138
50 130 138
50 129 138
50 128 138
50 129 139
50 129 139
50 129 139
50 127 134
50 127 134
50 127 133
50 127 133
50 127 133
50 127 132
50 127 132
50 126 131
50 128 132
50 130 131
50 130 131
50 129 131
50 129 131
50 129 131
50 129 131
50 129 131
50 130 131
50 130 132
50 130 132
50 130 132
50 131 132
50 131 133
50 131 134
50 127 134
50 126 134
50 124 134
50 124 134
50 116 119
50 116 119
50 116 120
50 119 125
50 123 129
50 119 125
50 120 125
50 120 125
50 119 125
50 118 127
50 116 126
50 117 126
50 118 126
50 119 126
50 124 131
50 125 133
50 125 132
50 126 133
50 127 134
50 126 133
50 126 133
50 125 133
50 125 133
50 125 133
50 125 133
50 125 133
50 125 133
50 131 132
50 131 132
50 131 132
50 131 132
50 131 132
50 131 132
50 131 132
50 131 133
50 131 132
50 132 133
50 132 133
50 132 133
50 127 131
50 126 131
50 121 124
50 120 124
50 120 124
50 121 124
50 120 123
50 120 122
50 119 121
50 119 121
50 119 120
50 118 120
50 118 120
50 118 120
50 119 120
50 119 120
50 119 120
50 119 120
50 119 120
50 119 120
50 119 120
50 119 120
50 128 132
50 127 132
50 127 132
50 127 132
50 127 132
50 127 132
50 129 132
50 127 132
50 127 133
50 127 133
50 128 134
50 130 134
50 130 135
50 130 135
50 129 135
50 130 135
50 130 135
50 130 135
50 129 135
50 129 134
50 129 134
50 128 134
50 127 134
50 127 133
50 127 132
50 125 130
50 122 127
50 120 123
50 119 121
50 118 120
50 118 121
50 118 122
50 119 124
50 119 127
50 120 129
50 122 131
50 123 133
50 125 136
50 125 136
50 125 134
50 123 133
50 124 133
50 123 134
50 124 136
50 124 136
50 126 139
50 129 141
50 131 142
50 131 141
50 130 139
50 126 135
50 124 132
50 122 130
50 123 130
50 123 130
50 124 130
50 124 131
50 124 131
50 124 131
50 123 132
50 123 133
50 124 135
50 123 133
50 123 132
50 122 131
50 122 130
50 122 131
50 122 130
50 122 132
50 122 132
50 123 135
50 123 135
50 127 138
50 128 138
50 124 133
50 124 134
50 123 134
50 123 135
50 124 135
50 123 135
50 124 134
50 125 133
50 127 132
50 126 132
50 126 132
50 126 133
50 126 133
50 127 132
50 126 132
50 127 132
50 126 132
50 126 131
50 127 131
50 127 131
50 127 132
50 127 131
50 127 131
50 128 131
50 129 131
50 129 131
50 129 131
50 128 131
50 128 131
50 128 131
50 129 131
50 128 131
50 133 137
50 133 137
50 133 137
50 132 137
50 132 136
50 132 136
50 132 136
50 131 138
50 130 139
50 130 139
50 129 139
50 129 139
50 129 139
50 130 139
50 131 137
50 131 137
50 130 137
50 130 137
50 129 136
50 129 137
50 125 130
50 125 131
50 125 131
50 125 132
50 125 133
50 125 134
50 125 134
50 125 135
50 126 135
50 126 134
50 126 133
50 126 133
50 127 134
50 127 134
50 122 129
50 125 134
50 125 134
50 126 135
50 126 135
50 126 136
50 127 136
50 127 136
50 127 136
50 127 136
50 127 136
50 127 136
50 127 135
50 127 135
50 127 135
50 126 136
50 127 136
50 127 136
50 123 123
50 122 124
50 123 128
50 123 131
50 123 133
50 122 132
50 123 134
50 120 130
50 120 130
50 122 130
50 122 131
50 122 131
50 123 131
50 123 130
50 123 129
50 123 129
50 122 124
50 122 124
50 122 124
50 121 124
50 121 124
50 121 124
50 121 124
50 121 125
50 122 125
50 122 125
50 122 125
50 122 126
50 123 126
50 123 127
50 123 127
50 123 127
50 124 127
50 124 127
50 124 127
50 124 127
50 124 127
50 124 127
50 124 126
50 124 126
50 124 126
50 124 126
50 124 126
50 124 126
50 124 126
50 124 127
50 124 127
50 123 127
50 123 127
50 123 127
50 122 126
50 121 126
50 121 125
50 120 125
50 120 124
50 120 124
50 120 124
50 120 124
50 119 124
50 119 124
50 119 124
50 118 124
50 117 124
50 117 123
50 117 123
50 116 123
50 116 123
50 115 122
50 115 122
50 114 122
50 114 122
50 120 135
50 120 136
50 120 136
50 120 137
50 121 136
50 121 136
50 121 135
50 121 134
50 121 132
50 121 132
50 121 132
50 120 132
50 120 131
50 120 130
50 118 128
50 117 125
50 117 123
50 117 123
50 119 124
50 121 126
50 123 129
50 124 133
50 125 135
50 125 136
50 126 136
50 125 131
50 124 130
50 121 126
50 123 123
50 124 128
50 124 126
50 124 127
50 124 127
50 123 126
50 124 126
50 124 126
50 124 128
50 124 129
50 125 133
50 125 135
50 127 136
50 127 136
50 126 135
50 127 136
50 126 136
50 126 134
50 125 133
50 125 132
50 124 132
50 124 133
50 124 133
50 124 133
50 124 132
50 124 132
50 124 132
50 124 131
50 124 131
50 124 131
50 124 131
50 124 131
50 124 131
50 124 130
50 123 130
50 124 129
50 123 128
50 123 129
50 123 128
50 122 127
50 121 125
50 121 124
50 120 122
50 120 121
50 120 120
50 120 120
50 119 120
50 119 121
50 118 121
50 118 121
50 118 121
50 118 121
50 118 122
50 118 123
50 118 123
50 119 123
50 119 123
50 124 134
50 123 132
50 124 131
50 125 129
50 125 126
50 124 125
50 124 125
50 125 125
50 125 126
50 126 132
50 125 133
50 123 133
50 124 131
50 124 128
50 125 127
50 125 129
50 125 131
50 125 134
50 124 136
50 124 134
50 122 130
50 120 126
50 118 121
50 118 121
50 116 120
50 117 122
50 117 125
50 118 127
50 119 129
50 119 131
50 124 126
50 125 125
50 125 129
50 126 127
50 126 124
50 126 122
50 126 127
50 125 133
50 124 131
50 124 129
50 124 128
50 123 127
50 123 127
50 123 130
50 123 131
50 123 131
50 122 131
50 122 131
50 122 131
50 122 131
50 123 130
50 124 128
50 123 128
50 123 127
50 123 126
50 123 124
50 125 124
50 124 125
50 122 123
50 122 124
50 121 122
50 121 123
50 121 124
50 120 125
50 120 125
50 120 125
50 121 127
50 121 128
50 120 128
50 121 128
50 121 129
50 121 128
50 121 128
50 121 128
50 119 115
50 118 115
50 118 115
50 118 115
50 118 115
50 117 115
50 117 115
50 117 115
50 117 115
50 116 115
50 115 115
50 114 115
50 114 114
50 114 116
50 114 117
50 114 119
50 115 120
50 116 121
50 117 121
50 117 122
50 118 123
50 118 124
50 118 124
50 119 123
50 120 122
50 120 121
50 120 120
50 121 119
50 121 119
50 121 118
50 120 118
50 120 118
50 121 118
50 120 118
50 118 118
50 116 117
50 114 116
50 113 116
50 113 118
50 114 120
50 114 121
50 114 121
50 113 121
50 114 119
50 114 120
50 114 120
50 115 120
50 115 120
50 116 121
50 119 124
50 120 128
50 129 128
50 128 137
50 129 138
50 129 138
50 128 135
50 127 132
50 127 129
50 126 127
50 126 127
50 127 126
50 127 126
50 127 125
50 127 125
50 126 125
50 126 123
50 126 122
50 126 121
50 125 121
50 126 121
50 126 122
50 126 122
50 127 123
50 127 125
50 128 128
50 126 126
50 126 129
50 126 130
50 125 131
50 124 130
50 123 129
50 122 127
50 122 125
50 121 123
50 121 123
50 121 123
50 121 123
50 121 122
50 120 122
50 120 122
50 120 122
50 120 122
50 119 123
50 118 124
50 118 125
50 119 126
50 119 126
50 120 127
50 121 127
50 129 128
50 127 133
50 127 133
50 127 133
50 127 132
50 127 132
50 127 131
50 127 131
50 129 128
50 124 135
50 125 135
50 125 133
50 126 132
50 126 131
50 126 131
50 125 130
50 125 130
50 124 129
50 122 126
50 116 119
50 115 119
50 115 119
50 115 119
50 115 120
50 116 122
50 117 124
50 118 126
50 119 129
50 120 130
50 120 132
50 121 133
50 122 135
50 121 136
50 121 136
50 121 136
50 121 136
50 121 136
50 120 136
50 121 135
50 121 134
50 121 134
50 121 133
50 98 100
50 97 100
50 97 99
50 97 99
50 97 99
50 96 98
50 94 95
50 93 93
50 94 93
50 94 93
50 95 92
50 95 91
50 92 90
50 89 89
50 88 89
50 88 89
50 87 90
50 88 90
50 89 90
50 90 92
50 90 91
50 90 91
50 90 91
50 85 95
50 85 96
50 85 96
50 85 96
50 85 95
50 85 95
50 86 95
50 86 96
50 87 96
50 87 96
50 87 96
50 88 97
50 88 96
50 88 97
50 88 97
50 89 97
50 89 96
50 89 97
50 89 97
50 89 97
50 89 97
50 88 97
50 88 97
50 87 97
50 87 96
50 86 96
50 86 96
50 86 95
50 86 95
50 86 95
50 85 95
50 85 95
50 85 94
50 85 94
50 85 94
50 85 94
50 85 93
50 85 94
50 85 93
50 86 93
50 88 92
50 93 85
50 93 84
50 93 84
50 94 83
50 94 82
50 95 83
50 95 86
50 96 89
50 96 88
50 97 87
50 99 90
50 99 89
50 96 84
50 96 84
50 92 77
50 91 75
50 94 74
50 98 72
50 100 71
50 100 72
50 97 73
50 96 75
50 94 77
50 94 77
50 92 79
50 89 94
50 87 93
50 87 91
50 86 91
50 85 90
50 84 91
50 85 92
50 85 93
50 85 93
50 85 92
50 85 91
50 85 90
50 85 90
50 85 89
50 85 89
50 85 89
50 85 89
50 85 89
50 85 89
50 85 88
50 85 89
50 85 89
50 85 89
50 85 89
50 85 89
50 86 89
50 86 89
50 86 89
50 86 90
50 87 90
50 86 91
50 87 94
50 87 96
50 87 98
50 86 124
50 86 145
50 86 145
50 85 159
50 86 162
50 87 144
50 88 137
50 91 108
50 104 171
50 94 113
50 95 115
50 96 119
50 97 120
50 98 122
50 99 124
50 100 126
50 101 127
50 102 128
50 95 174
50 101 180
50 108 137
50 107 135
50 108 136
50 111 140
50 111 142
50 110 138
50 110 135
50 110 135
50 111 137
50 114 143
50 114 144
50 114 142
50 114 141
50 115 141
50 115 141
50 115 139
50 115 137
50 114 136
50 114 135
50 114 134
50 115 136
50 117 137
50 117 138
50 117 138
50 118 138
50 118 138
50 123 133
50 109 173
50 109 184
50 109 185
50 108 188
50 108 188
50 108 188
50 106 190
50 109 188
50 108 188
50 108 188
50 108 189
50 108 189
50 108 190
50 108 191
50 107 191
50 107 191
50 107 191
50 108 192
50 108 192
50 108 191
50 108 191
50 109 190
50 107 188
50 106 169
50 124 138
50 117 150
50 101 184
50 107 190
50 107 190
50 107 190
50 104 185
50 104 183
50 107 174
50 104 183
50 104 189
50 106 191
50 106 191
50 104 189
50 104 188
50 104 184
50 105 188
50 106 189
50 108 191
50 108 190
50 106 189
50 105 185
50 105 184
50 106 189
50 106 189
50 108 191
50 108 155
50 107 155
50 107 154
50 107 154
50 107 154
50 107 154
50 106 153
50 107 151
50 109 136
50 111 118
50 111 118
50 111 118
50 111 118
50 111 118
50 111 119
50 112 119
50 111 133
50 107 149
50 108 152
50 108 154
50 109 155
50 109 155
50 109 156
50 109 157
50 109 157
50 111 188
50 111 188
50 110 187
50 110 187
50 108 188
50 108 190
50 109 191
50 110 192
50 110 192
50 111 191
50 113 190
50 113 190
50 113 189
50 113 188
50 112 188
50 112 189
50 112 189
50 112 190
50 107 191
50 106 191
50 104 188
50 109 166
50 111 171
50 110 171
50 105 182
50 110 191
50 111 191
50 111 191
50 113 191
50 110 168
50 110 168
50 110 168
50 110 168
50 110 168
50 110 168
50 110 168
50 110 169
50 111 168
50 111 165
50 118 148
50 123 133
50 118 151
50 119 159
50 119 160
50 118 160
50 117 160
50 117 160
50 117 160
50 116 160
50 117 161
50 117 161
50 117 161
50 117 161
50 118 160
50 105 185
50 105 185
50 105 185
50 113 189
50 114 189
50 114 189
50 114 190
50 113 190
50 110 189
50 109 189
50 110 188
50 110 189
50 112 190
50 111 190
50 112 190
50 112 190
50 112 190
50 112 191
50 107 192
50 107 192
50 101 189
50 101 189
50 101 189
50 102 179
50 111 162
50 109 170
50 109 170
50 104 181
50 109 191
50 109 190
50 110 190
50 121 146
50 126 135
50 126 135
50 102 185
50 108 191
50 129 160
50 128 161
50 127 161
50 127 161
50 127 161
50 127 160
50 122 150
50 122 144
50 125 134
50 125 132
50 125 132
50 124 137
50 123 138
50 125 133
50 126 131
50 127 129
50 127 128
50 127 128
50 127 128
50 126 129
50 126 131
50 128 128
50 128 128
50 128 128
50 128 128
50 128 128
50 128 128
50 127 128
50 127 128
50 127 129
50 128 128
50 128 128
50 128 128
50 128 128
50 128 128
50 128 128
50 128 128
50 128 128
50 127 128
50 126 130
50 126 131
50 127 129
50 127 128
50 127 128
50 127 128
50 127 129
50 125 134
50 125 134
50 127 128
50 127 128
50 127 128
50 123 140
50 124 137
50 123 143
50 123 146
50 123 148
50 122 149
50 122 149
50 123 149
50 123 149
50 124 148
50 124 144
50 125 139
50 123 149
50 124 150
50 122 149
50 122 148
50 122 145
50 123 144
50 124 147
50 125 150
50 125 151
50 126 151
50 126 152
50 126 151
50 127 149
50 127 128
50 127 128
50 127 128
50 127 128
50 127 128
50 127 128
50 126 131
50 126 131
50 126 132
50 125 132
50 125 132
50 126 130
50 127 128
50 127 128
50 127 128
50 127 129
50 127 128
50 127 129
50 127 128
50 127 128
50 115 152
50 115 152
50 115 150
50 123 136
50 123 136
50 123 135
50 123 136
50 123 135
50 124 135
50 124 134
50 124 134
50 124 134
50 124 133
50 121 139
50 115 149
50 115 149
50 114 149
50 115 149
50 114 149
50 115 149
50 119 143
50 124 134
50 124 134
50 124 135
50 123 136
50 123 148
50 125 149
50 126 150
50 124 149
50 121 146
50 117 145
50 118 142
50 117 147
50 117 147
50 118 147
50 121 141
50 121 141
50 121 141
50 121 141
50 121 143
50 121 144
50 121 144
50 121 144
50 123 139
50 124 136
50 122 140
50 120 140
50 121 140
50 118 142
50 114 145
50 118 143
50 120 142
50 120 144
50 121 147
50 121 145
50 119 148
50 118 149
50 118 150
50 118 152
50 118 151
50 119 149
50 119 149
50 120 147
50 120 144
50 121 142
50 121 139
50 121 138
50 121 141
50 122 142
50 122 143
50 122 143
50 124 142
50 124 144
50 122 145
50 118 146
50 118 146
50 117 145
50 117 149
50 116 152
50 117 155
50 116 156
50 126 129
50 126 130
50 126 130
50 124 133
50 124 133
50 124 134
50 124 132
50 125 130
50 125 130
50 125 130
50 125 131
50 124 134
50 124 134
50 125 131
50 125 131
50 125 131
50 125 131
50 125 131
50 125 131
50 125 131
50 125 131
50 124 134
50 123 134
50 123 134
50 123 134
50 123 133
50 124 149
50 124 148
50 124 147
50 124 147
50 124 147
50 124 146
50 125 145
50 125 145
50 125 144
50 125 143
50 125 143
50 125 142
50 125 142
50 125 141
50 124 141
50 124 141
50 124 141
50 124 141
50 124 141
50 120 145
50 121 145
50 120 147
50 119 149
50 119 151
50 118 156
50 119 156
50 119 156
50 119 156
50 121 157
50 122 156
50 124 151
50 124 152
50 123 153
50 123 154
50 123 155
50 123 155
50 123 154
50 123 153
50 122 150
50 121 149
50 120 155
50 120 155
50 120 154
50 120 154
50 121 153
50 121 156
50 123 155
50 125 151
50 125 157
50 128 156
50 128 156
50 128 156
50 125 156
50 122 149
50 122 149
50 127 152
50 127 152
50 124 155
50 123 155
50 123 155
50 127 154
50 127 153
50 121 148
50 121 148
50 121 149
50 121 149
50 115 114
50 115 113
50 114 111
50 112 111
50 113 112
50 112 116
50 111 117
50 111 120
50 111 123
50 113 126
50 113 126
50 114 128
50 114 128
50 114 130
50 114 130
50 114 130
50 114 131
50 114 131
50 114 131
50 115 154
50 119 144
50 120 156
50 118 157
50 117 160
50 112 162
50 112 154
50 111 152
50 118 155
50 120 161
50 115 161
50 115 160
50 115 156
50 115 151
50 115 150
50 115 150
50 115 149
50 114 151
50 114 153
50 120 154
50 120 161
50 116 161
50 104 121
50 104 122
50 103 121
50 103 124
50 102 124
50 101 123
50 102 124
50 103 123
50 102 125
50 102 126
50 101 127
50 101 127
50 101 129
50 101 128
50 101 127
50 121 147
50 121 147
50 134 149
50 134 149
50 132 149
50 131 159
50 130 159
50 127 158
50 123 158
50 120 147
50 120 147
50 121 147
50 120 147
50 120 147
50 121 156
50 121 153
50 108 120
50 107 120
50 106 119
50 106 119
50 106 118
50 106 118
50 105 118
50 105 118
50 105 117
50 105 117
50 105 116
50 105 116
50 104 116
50 115 146
50 116 146
50 116 146
50 116 146
50 116 146
50 116 145
50 116 144
50 116 143
50 116 142
50 99 98
50 99 98
50 102 94
50 110 89
50 114 86
50 114 88
50 113 86
50 113 84
50 113 83
50 113 81
50 113 78
50 113 77
50 113 77
50 113 77
50 113 78
50 114 79
50 115 81
50 91 114
50 85 107
50 85 107
50 87 107
50 85 106
50 86 103
50 89 104
50 87 109
50 97 115
50 113 126
50 112 131
50 107 129
50 112 136
50 115 143
50 117 134
50 117 120
50 114 117
50 113 116
50 113 115
50 113 114
50 113 113
50 113 113
50 113 115
50 114 121
50 116 127
50 118 132
50 119 134
50 119 135
50 119 133
50 117 130
50 116 127
50 115 127
50 115 129
50 114 130
50 115 131
50 115 133
50 116 133
50 117 133
50 118 131
50 118 130
50 118 128
50 118 128
50 118 127
50 118 126
50 118 125
50 118 125
50 118 124
50 109 134
50 108 134
50 109 134
50 109 133
50 110 133
50 110 133
50 109 132
50 108 131
50 107 130
50 107 129
50 107 129
50 108 128
50 110 129
50 109 129
50 109 128
50 108 126
50 108 124
50 109 124
50 110 125
50 110 123
50 108 121
50 109 122
50 110 123
50 110 123
50 111 124
50 111 124
50 109 125
50 100 101
50 110 99
50 103 105
50 98 106
50 98 106
50 95 108
50 90 104
50 98 99
50 95 99
50 99 114
50 95 110
50 106 106
50 108 108
50 110 118
50 111 119
50 113 120
50 93 112
50 93 113
50 90 112
50 87 108
50 87 108
50 98 123
50 102 128
50 102 128
50 89 118
50 88 109
50 87 109
50 85 109
50 84 109
50 86 108
50 90 104
50 110 136
50 110 127
50 108 117
50 115 122
50 118 127
50 112 122
50 101 112
50 90 103
50 86 98
50 84 96
50 83 95
50 82 94
50 82 93
50 82 93
50 81 93
50 81 93
50 81 93
50 80 92
50 80 92
50 81 93
50 83 94
50 81 93
50 80 92
50 76 89
50 75 87
50 74 85
50 73 85
50 73 84
50 73 84
50 74 86
50 75 87
50 74 86
50 104 111
50 105 113
50 107 115
50 111 119
50 111 121
50 102 106
50 102 106
50 101 105
50 101 110
50 104 103
50 102 103
50 98 102
50 98 93
50 91 87
50 90 87
50 90 87
50 93 89
50 97 93
50 98 95
50 99 96
50 98 96
50 96 96
50 94 94
50 91 92
50 88 91
50 87 90
50 84 88
50 83 88
50 83 88
50 82 89
50 82 89
50 82 88
50 109 112
50 106 109
50 105 111
50 105 114
50 106 118
50 107 121
50 108 125
50 109 127
50 109 126
50 109 127
50 109 127
50 110 127
50 110 127
50 110 127
50 110 127
50 111 127
50 111 127
50 111 127
50 87 98
50 96 105
50 108 114
50 120 124
50 122 126
50 122 126
50 105 111
50 85 94
50 73 84
50 72 83
50 72 83
50 72 83
50 75 85
50 114 117
50 127 128
50 127 128
50 127 128
50 123 126
50 120 123
50 113 117
50 106 112
50 100 107
50 94 102
50 90 98
50 84 94
50 78 89
50 82 95
50 82 95
50 84 97
50 84 97
50 88 99
50 88 98
50 82 92
50 80 91
50 81 92
50 82 94
50 83 94
50 86 97
50 86 97
50 83 95
50 81 93
50 79 92
50 77 90
50 74 87
50 72 84
50 69 81
50 69 81
50 74 92
50 73 90
50 73 90
50 74 90
50 75 90
50 75 91
50 72 86
50 72 86
50 73 85
50 75 86
50 78 89
50 83 94
50 86 97
50 90 101
50 99 109
50 95 106
50 118 63
50 119 62
50 121 59
50 122 59
50 121 61
50 123 65
50 115 66
50 106 66
50 101 69
50 93 73
50 95 75
50 99 76
50 106 96
50 106 107
50 107 113
50 107 113
50 109 131
50 116 132
50 108 98
50 108 99
50 104 98
50 100 99
50 97 93
50 97 80
50 93 68
50 92 68
50 89 71
50 96 75
50 101 74
50 95 75
50 79 132
50 79 131
50 78 132
50 78 132
50 77 132
50 76 131
50 84 128
50 88 124
50 88 120
50 88 120
50 87 120
50 85 120
50 85 120
50 85 121
50 86 122
50 86 121
50 85 121
50 71 73
50 71 73
50 71 73
50 73 77
50 81 85
50 88 93
50 96 102
50 100 106
50 101 109
50 101 110
50 100 109
50 95 105
50 91 102
50 86 99
50 83 96
50 82 94
50 81 94
50 81 94
50 81 95
50 82 95
50 83 97
50 85 98
50 86 99
50 87 100
50 87 100
50 86 99
50 86 99
50 85 98
50 85 98
50 85 97
50 84 97
50 83 96
50 83 95
50 91 101
50 91 101
50 90 100
50 90 99
50 89 98
50 90 97
50 88 98
50 89 100
50 89 100
50 88 100
50 87 102
50 89 105
50 91 106
50 92 106
50 92 106
50 92 105
50 89 100
50 85 94
50 81 90
50 83 90
50 86 92
50 88 94
50 88 96
50 87 99
50 86 97
50 84 95
50 82 94
50 82 93
50 80 92
50 78 90
50 76 88
50 75 87
50 74 86
50 74 86
50 76 87
50 76 87
50 77 89
50 78 90
50 80 92
50 81 93
50 81 93
50 79 91
50 77 88
50 76 87
50 87 102
50 110 126
50 105 119
50 102 126
50 97 110
50 87 98
50 75 87
50 75 87
50 75 87
50 75 87
50 85 94
50 102 107
50 120 122
50 120 122
50 113 120
50 100 112
50 90 105
50 82 97
50 72 85
50 69 82
50 67 80
50 67 80
50 68 81
50 70 83
50 71 84
50 75 87
50 78 90
50 79 91
50 79 91
50 73 86
50 70 82
50 69 82
50 110 114
50 112 116
50 114 118
50 115 119
50 116 120
50 116 119
50 115 119
50 115 119
50 113 118
50 111 116
50 108 114
50 105 112
50 102 110
50 100 108
50 85 102
50 84 103
50 81 101
50 83 102
50 83 99
50 87 100
50 92 104
50 93 104
50 93 104
50 93 104
50 93 104
50 93 104
50 94 104
50 94 104
50 94 105
50 95 105
50 95 105
50 95 105
50 95 105
50 95 105
50 97 106
50 100 106
50 95 106
50 97 107
50 97 107
50 95 106
50 96 107
50 97 109
50 99 110
50 103 113
50 105 115
50 108 117
50 111 120
50 116 122
50 121 125
50 122 126
50 124 127
50 126 127
50 126 128
50 126 128
50 126 128
50 126 128
50 126 128
50 126 128
50 126 128
50 126 128
50 126 128
50 126 128
50 126 128
50 126 128
50 126 128
50 124 127
50 124 127
50 122 126
50 111 120
50 95 106
50 90 102
50 93 105
50 98 111
50 103 115
50 103 115
50 97 110
50 91 104
50 85 96
50 88 99
50 88 99
50 91 102
50 97 107
50 104 113
50 109 118
50 114 122
50 118 125
50 120 125
50 119 124
50 115 120
50 110 115
50 107 112
50 107 116
50 108 122
50 110 129
50 110 133
50 109 135
50 109 135
50 109 136
50 110 135
50 110 134
50 110 133
50 110 129
50 107 126
50 107 126
50 104 121
50 101 117
50 99 112
50 97 110
50 96 108
50 95 106
50 94 105
50 93 104
50 93 103
50 92 102
50 91 101
50 91 100
50 90 99
50 90 98
50 90 98
50 92 100
50 95 101
50 98 104
50 100 107
50 104 109
50 107 113
50 111 116
50 115 120
50 121 124
50 121 124
50 125 126
50 128 128
50 128 128
50 128 128
50 128 128
50 128 128
50 126 130
50 127 130
50 126 131
50 127 131
50 126 133
50 127 133
50 126 134
50 127 134
50 126 135
50 127 136
50 126 137
50 127 137
50 126 138
50 127 139
50 127 139
50 127 140
50 127 141
50 127 141
50 127 142
50 127 141
50 127 142
50 127 142
50 127 143
50 127 143
50 128 142
50 128 142
50 128 141
50 128 141
50 127 141
50 128 141
50 127 140
50 127 140
50 127 140
50 127 139
50 127 140
50 127 139
50 127 139
50 128 139
50 128 138
50 128 138
50 127 138
50 127 138
50 127 138
50 127 138
50 128 138
50 128 138
50 128 139
50 128 139
50 119 152
50 118 153
50 119 153
50 118 153
50 119 153
50 118 153
50 119 153
50 118 153
50 119 152
50 118 152
50 119 152
50 118 151
50 118 151
50 118 150
50 118 150
50 118 149
50 118 149
50 118 149
50 118 149
50 117 149
50 117 149
50 118 148
50 117 149
50 118 149
50 118 148
50 119 148
50 115 151
50 115 151
50 115 151
50 115 152
50 116 152
50 116 152
50 115 150
50 113 149
50 112 147
50 112 147
50 113 147
50 117 151
50 124 139
50 123 138
50 124 138
50 126 139
50 126 139
50 126 139
50 127 138
50 126 137
50 125 136
50 124 136
50 121 135
50 119 132
50 118 130
50 119 130
50 121 131
50 124 133
50 125 134
50 125 135
50 126 137
50 127 138
50 127 138
50 126 138
50 126 137
50 119 138
50 120 127
50 114 130
50 115 134
50 119 139
50 119 139
50 119 139
50 119 139
50 119 139
50 119 139
50 120 139
50 120 140
50 120 140
50 121 141
50 121 141
50 121 141
50 121 141
50 122 141
50 121 141
50 121 141
50 121 141
50 121 141
50 113 139
50 110 139
50 110 138
50 110 137
50 111 137
50 111 137
50 109 137
50 109 138
50 109 138
50 109 138
50 108 138
50 108 138
50 109 139
50 111 139
50 112 141
50 115 142
50 115 143
50 124 127
50 124 127
50 124 127
50 124 126
50 124 126
50 123 125
50 123 125
50 122 124
50 122 124
50 121 123
50 121 123
50 121 123
50 122 124
50 122 124
50 122 124
50 122 124
50 122 125
50 123 125
50 123 126
50 123 127
50 123 128
50 123 128
50 123 128
50 123 129
50 123 129
50 123 129
50 124 129
50 124 129
50 124 130
50 125 130
50 130 138
50 129 138
50 128 138
50 128 139
50 126 136
50 126 133
50 126 133
50 124 135
50 121 134
50 121 134
50 121 134
50 125 134
50 126 131
50 126 132
50 125 129
50 125 131
50 130 143
50 132 143
50 134 142
50 119 129
50 121 129
50 122 128
50 123 129
50 124 128
50 124 128
50 125 128
50 126 128
50 127 128
50 126 128
50 126 128
50 126 128
50 126 128
50 124 129
50 124 129
50 124 129
50 124 129
50 123 129
50 119 146
50 118 146
50 119 145
50 119 138
50 124 130
50 125 129
50 127 128
50 127 128
50 120 145
50 127 128
50 127 128
50 120 145
50 121 145
50 121 144
50 120 148
50 117 144
50 116 143
50 118 142
50 115 128
50 115 128
50 115 128
50 115 128
50 115 128
50 115 127
50 113 127
50 113 127
50 110 127
50 108 127
50 105 128
50 104 128
50 102 128
50 101 128
50 100 129
50 99 129
50 98 129
50 98 128
50 97 128
50 98 127
50 98 127
50 99 126
50 105 152
50 103 153
50 101 154
50 99 154
50 97 152
50 96 151
50 96 151
50 95 150
50 96 148
50 96 144
50 97 139
50 100 135
50 102 134
50 105 135
50 106 137
50 108 136
50 110 136
50 114 135
50 116 134
50 118 132
50 118 131
50 117 129
50 116 128
50 113 126
50 112 125
50 111 125
50 110 125
50 109 125
50 108 124
50 107 124
50 106 123
50 106 123
50 105 122
50 104 121
50 103 119
50 102 118
50 101 114
50 102 116
50 105 118
50 107 119
50 109 121
50 112 123
50 115 125
50 117 127
50 118 129
50 122 129
50 123 129
50 124 130
50 125 129
50 126 129
50 127 129
50 110 128
50 110 127
50 110 128
50 109 127
50 109 127
50 109 127
50 109 127
50 109 127
50 109 127
50 109 126
50 109 126
50 110 125
50 109 125
50 110 124
50 109 123
50 110 123
50 110 123
50 110 122
50 110 122
50 110 122
50 110 122
50 110 121
50 110 122
50 110 121
50 110 121
50 108 118
50 108 118
50 107 117
50 107 117
50 105 116
50 103 114
50 102 113
50 101 112
50 100 111
50 100 111
50 99 110
50 98 109
50 96 108
50 94 106
50 92 104
50 91 105
50 92 106
50 95 108
50 100 112
50 105 117
50 111 120
50 113 122
50 115 123
50 116 124
50 117 125
50 117 125
50 116 124
50 116 123
50 116 123
50 115 122
50 114 119
50 114 114
50 113 110
50 111 108
50 109 108
50 107 108
50 107 110
50 108 113
50 111 113
50 112 116
50 118 122
50 117 124
50 117 125
50 114 120
50 112 118
50 116 120
50 118 120
50 120 123
50 120 125
50 118 125
50 118 125
50 118 124
50 118 124
50 118 124
50 117 124
50 117 124
50 117 124
50 116 124
50 119 127
50 119 127
50 119 127
50 119 127
50 120 127
50 119 127
50 120 127
50 119 127
50 119 127
50 119 127
50 119 127
50 119 127
50 118 127
50 118 127
50 118 126
50 116 123
50 117 124
50 117 125
50 119 127
50 119 127
50 120 128
50 121 124
50 121 125
50 121 125
50 120 125
50 118 122
50 118 123
50 118 122
50 117 122
50 117 122
50 112 118
50 112 119
50 113 119
50 114 119
50 114 119
50 114 119
50 115 120
50 115 120
50 115 119
50 115 119
50 117 122
50 118 123
50 119 123
50 118 123
50 118 123
50 118 123
50 118 122
50 118 122
50 116 117
50 116 117
50 117 117
50 117 117
50 117 117
50 117 116
50 111 110
50 111 110
50 110 110
50 110 110
50 110 110
50 110 110
50 110 110
50 109 110
50 109 110
50 109 110
50 110 110
50 110 110
50 111 109
50 111 109
50 111 109
50 111 110
50 111 109
50 110 110
50 110 110
50 110 110
50 110 110
50 109 111
50 110 111
50 122 128
50 121 128
50 120 128
50 118 127
50 117 127
50 115 126
50 114 126
50 114 126
50 114 126
50 115 126
50 118 128
50 118 131
50 120 133
50 122 135
50 120 134
50 120 134
50 113 130
50 105 125
50 101 122
50 98 117
50 106 121
50 106 122
50 104 123
50 110 127
50 113 129
50 118 126
50 117 125
50 117 124
50 116 123
50 115 121
50 114 119
50 113 118
50 117 120
50 118 121
50 118 121
50 118 122
50 117 122
50 117 121
50 117 121
50 117 121
50 113 119
50 111 116
50 110 116
50 111 117
50 90 108
50 91 109
50 92 110
50 98 112
50 104 113
50 112 115
50 110 110
50 109 109
50 110 110
50 111 112
50 113 117
50 107 110
50 98 109
50 86 107
50 88 113
50 80 104
50 80 104
50 79 103
50 79 103
50 79 103
50 79 103
50 83 101
50 86 99
50 85 97
50 86 96
50 95 105
50 95 106
50 89 101
50 91 102
50 93 102
50 94 104
50 80 99
50 79 100
50 78 98
50 86 105
50 90 111
50 88 113
50 84 114
50 84 113
50 87 112
50 87 110
50 85 108
50 83 108
50 84 110
50 84 110
50 84 109
50 86 109
50 89 111
50 118 119
50 118 120
50 117 120
50 117 120
50 117 118
50 117 116
50 117 115
50 117 114
50 117 113
50 117 113
50 116 112
50 116 111
50 116 112
50 117 112
50 105 122
50 105 122
50 105 121
50 104 120
50 105 121
50 106 121
50 106 121
50 106 122
50 107 122
50 109 122
50 111 121
50 117 112
50 116 112
50 116 112
50 116 112
50 116 113
50 117 113
50 118 118
50 118 119
50 119 119
50 120 120
50 120 122
50 120 122
50 120 123
50 120 123
50 120 122
50 120 122
50 120 121
50 120 120
50 119 118
50 119 117
50 119 117
50 119 116
50 119 116
50 119 115
50 118 114
50 118 113
50 118 114
50 119 115
50 119 116
50 120 120
50 123 133
50 118 137
50 117 136
50 117 137
50 117 136
50 117 135
50 116 133
50 116 136
50 112 127
50 114 124
50 107 116
50 110 117
50 112 119
50 113 123
50 113 123
50 115 124
50 118 129
50 121 130
50 123 130
50 122 129
50 122 130
50 123 130
50 118 122
50 117 122
50 117 121
50 116 121
50 115 121
50 115 121
50 115 121
50 115 120
50 114 119
50 114 119
50 114 119
50 114 117
50 114 117
50 114 117
50 101 127
50 100 126
50 99 124
50 99 124
50 99 125
50 100 125
50 101 125
50 100 126
50 99 127
50 98 127
50 116 115
50 116 116
50 116 116
50 116 116
50 116 115
50 116 115
50 116 114
50 116 114
50 116 114
50 116 114
50 116 114
50 116 115
50 117 114
50 117 114
50 118 114
50 118 116
50 119 116
50 119 116
50 119 117
50 119 118
50 119 118
50 120 118
50 121 121
50 121 121
50 121 121
50 120 124
50 119 124
50 119 123
50 117 121
50 117 120
50 116 120
50 116 120
50 116 119
50 116 118
50 115 118
50 115 118
50 115 118
50 115 118
50 114 117
50 114 117
50 114 117
50 115 117
50 115 117
50 114 117
50 119 119
50 119 120
50 120 120
50 120 120
50 120 120
50 120 120
50 120 120
50 120 118
50 114 118
50 108 114
50 100 107
50 105 104
50 108 101
50 103 104
50 109 117
50 111 122
50 96 112
50 92 109
50 92 110
50 93 110
50 93 110
50 119 117
50 119 117
50 119 117
50 119 117
50 119 117
50 119 117
50 119 116
50 119 116
50 119 116
50 119 116
50 119 116
50 119 116
50 119 116
50 119 116
50 119 116
50 119 116
50 117 127
50 117 129
50 117 130
50 118 131
50 118 132
50 118 133
50 119 134
50 119 134
50 119 134
50 119 134
50 118 135
50 118 135
50 118 135
50 117 135
50 117 135
50 117 135
50 117 135
50 117 135
50 117 135
50 117 135
50 117 135
50 117 135
50 117 134
50 117 134
50 117 134
50 117 134
50 117 134
50 117 134
50 117 134
50 117 134
50 117 134
50 117 134
50 117 134
50 117 134
50 117 134
50 117 134
50 117 134
50 117 134
50 117 134
50 118 134
50 118 134
50 118 134
50 118 134
50 118 134
50 118 134
50 118 134
50 119 134
50 119 134
50 120 133
50 120 133
50 121 133
50 121 133
50 122 132
50 121 132
50 122 131
50 122 131
50 123 131
50 123 131
50 123 131
50 123 130
50 123 131
50 124 130
50 124 130
50 125 129
50 125 129
50 126 129
50 125 129
50 126 129
50 126 129
50 127 128
50 126 129
50 127 128
50 127 128
50 127 128
50 128 128
50 128 128
50 128 128
50 128 128
50 128 128
50 128 128
50 128 128
50 128 128
50 128 128
50 128 128
50 128 128
50 128 128
50 128 128
50 128 128
50 128 128
50 128 128
50 128 128
50 128 128
50 128 128
50 128 128
50 128 128
50 128 128
50 128 128
50 128 128
50 128 128
50 128 128
50 128 128
50 128 128
50 128 128
50 128 128
50 128 128
50 128 128
50 128 128
50 128 128
50 128 128
50 128 128
50 128 128
50 128 128
50 128 128
50 128 128
50 128 128
50 128 128
50 128 128
50 128 128
50 128 128
50 128 128
50 128 128
50 128 128
50 128 128
50 128 128
50 128 128
50 128 128
50 128 128
50 128 128
50 128 128
50 128 128
50 128 128
50 128 128
50 128 128
50 128 128
50 128 128
50 128 128
50 128 128
50 128 128
50 128 128
50 128 128
50 128 128
50 128 128
50 128 128
50 128 128
50 128 128
50 128 128
50 128 128
50 128 128
50 128 128
50 128 128
50 128 128
50 128 128
50 128 128
50 128 128
50 128 128
50 128 128
50 128 128
50 128 128
50 128 128
50 128 128
50 128 128
50 128 128
50 128 128
50 128 128
50 128 128
50 128 128
50 128 128
50 128 128
50 128 128
50 128 128
50 128 128
50 128 128
50 128 128