193 116 110
193 116 110
193 116 110
193 116 110
193 116 110
193 116 110
193 116 110
193 116 110
193 116 110
195 116 111
196 116 111
198 116 111
198 117 112
198 117 112
199 117 112
200 117 112
200 118 112
200 117 112
200 118 112
200 118 112
200 118 112
200 118 112
200 118 112
201 118 113
201 118 113
201 118 112
201 118 113
201 118 113
201 118 113
201 118 113
201 118 113
201 118 112
201 118 113
201 118 112
201 118 112
201 118 112
201 118 113
201 118 112
201 118 112
201 118 113
201 118 113
201 118 112
201 118 112
201 118 112
201 118 112
201 118 112
201 118 112
201 118 112
201 118 113
201 118 113
201 118 113
201 118 113
202 118 113
210 119 116
215 121 120
224 123 123
230 125 128
215 126 128
197 126 127
183 126 126
162 126 126
164 126 126
170 125 127
190 125 127
190 124 127
182 124 125
177 124 124
172 124 124
173 124 124
174 124 125
174 125 125
169 125 125
175 125 125
176 125 125
175 125 125
178 125 125
179 125 126
180 125 126
180 125 126
181 125 126
182 125 126
182 125 126
182 125 126
183 125 126
183 125 126
125 120 120
124 120 120
124 120 120
124 120 120
125 120 120
124 120 120
124 120 120
124 120 120
125 120 120
125 120 120
126 119 120
128 119 121
134 118 121
146 115 123
149 115 122
148 115 121
146 116 121
147 116 121
146 116 121
146 116 120
146 116 120
147 116 120
147 116 120
148 116 120
149 116 120
149 116 120
148 116 120
148 116 120
147 116 120
147 116 120
147 116 120
147 116 120
147 116 120
147 116 120
147 116 120
147 116 120
148 116 120
149 116 120
150 116 119
152 116 119
153 115 119
153 115 119
154 115 119
158 115 119
161 116 121
163 117 123
148 119 124
138 120 125
113 122 127
96 124 128
105 122 123
130 116 115
150 113 111
175 113 112
190 115 114
200 115 115
205 114 115
202 111 113
199 112 113
175 118 121
165 118 117
149 120 117
144 120 118
145 120 118
148 120 117
151 119 117
154 119 117
156 119 117
158 119 117
160 118 117
160 118 117
161 118 117
161 118 117
161 118 117
162 118 117
162 118 117
162 118 117
162 118 117
162 118 117
162 118 117
162 118 117
162 118 117
162 118 117
162 118 117
162 118 117
162 119 117
132 129 108
133 129 108
133 129 108
133 129 108
133 129 108
133 129 108
133 129 108
133 129 108
135 125 123
136 125 123
137 125 122
138 125 122
139 124 122
139 124 122
139 124 122
139 124 122
153 94 109
153 94 109
153 93 109
154 93 108
156 92 108
156 92 108
156 92 108
157 91 108
157 91 108
122 126 125
123 126 125
124 126 125
124 126 125
123 126 125
122 126 125
122 127 125
121 127 125
121 127 125
135 121 123
135 121 123
135 121 123
135 121 123
135 121 123
134 121 124
135 121 123
135 121 123
94 120 123
93 120 123
93 120 123
93 120 123
93 120 123
93 120 123
93 120 123
93 120 123
93 120 123
216 118 126
216 118 126
215 118 126
216 118 125
217 118 125
218 118 125
218 118 125
217 118 125
230 125 129
230 125 129
230 126 129
231 125 129
231 125 129
231 125 129
231 125 129
231 125 129
231 125 129
179 115 113
185 114 112
186 113 113
183 114 112
178 115 113
169 116 114
161 116 115
153 117 115
147 118 116
145 118 117
145 119 118
141 120 118
135 121 119
128 122 120
122 123 120
116 123 121
116 118 125
110 117 127
111 114 129
111 112 131
115 111 130
115 112 130
119 109 129
115 113 129
113 118 129
112 119 125
103 121 130
102 121 132
104 121 132
108 120 133
128 117 133
144 117 133
159 116 133
87 126 123
85 126 123
87 126 122
87 126 121
87 125 120
86 125 121
83 125 122
81 126 123
81 126 123
82 126 123
83 125 123
85 125 122
88 125 122
92 125 122
95 125 122
99 125 122
103 124 122
106 124 122
108 124 122
111 124 121
114 124 122
118 124 122
122 123 122
127 123 122
131 123 122
146 122 119
119 126 126
133 126 127
173 122 121
177 121 121
180 119 119
181 118 118
182 118 119
180 117 119
172 116 118
159 114 117
155 114 119
157 113 120
160 112 121
153 113 123
122 125 121
122 125 122
121 125 123
121 125 124
119 125 125
116 126 126
111 127 126
106 126 126
104 126 125
103 126 124
104 125 123
106 125 123
108 125 122
108 125 122
107 125 123
105 125 123
103 125 122
105 125 122
107 125 123
109 125 123
110 125 123
111 125 123
115 124 123
122 123 123
126 123 124
127 124 125
126 125 127
128 125 129
131 126 131
129 127 132
118 128 132
109 128 130
110 128 129
120 127 128
127 126 127
134 125 126
137 125 125
139 125 124
161 129 122
154 130 122
151 131 122
148 132 123
141 134 124
134 135 124
125 136 124
117 136 123
42 129 130
174 135 130
224 127 132
227 127 134
231 126 136
234 126 137
224 125 135
226 125 135
224 126 135
223 125 136
224 125 137
225 124 138
226 124 139
226 124 139
223 124 141
222 122 143
217 123 144
219 123 143
221 123 142
223 123 143
226 123 143
231 123 142
231 122 142
232 122 142
233 122 143
234 122 143
235 121 144
236 120 144
237 120 145
237 120 145
237 120 145
236 121 144
236 121 144
235 121 143
235 121 143
234 122 143
232 122 144
230 121 144
229 121 144
230 121 145
231 120 145
230 119 146
228 118 146
227 118 145
228 117 146
229 117 146
229 117 146
227 117 145
224 117 144
222 118 143
221 119 143
221 119 143
222 119 143
223 119 144
224 119 144
224 118 144
223 118 144
224 117 144
225 117 145
225 116 146
227 115 147
229 114 149
230 113 150
230 113 150
230 113 151
231 112 152
230 113 151
228 113 150
226 114 149
223 115 147
221 115 146
150 127 139
149 127 139
148 127 138
147 127 138
147 127 137
145 127 137
145 127 136
144 128 136
144 128 136
143 128 135
143 128 135
142 128 134
142 128 134
142 128 134
142 128 133
142 128 133
142 128 133
142 128 133
143 128 133
143 128 132
143 128 132
144 128 132
144 128 132
145 128 132
145 128 132
146 128 132
146 128 132
147 128 131
147 128 132
148 128 132
149 128 131
149 127 131
150 127 131
151 127 131
151 127 131
153 127 131
154 127 131
155 126 131
156 126 131
157 126 131
157 126 131
158 125 131
159 125 131
159 125 130
160 125 130
160 125 130
243 124 137
240 124 135
238 125 134
235 125 133
232 126 132
228 126 130
223 126 129
219 127 128
214 127 127
210 127 127
206 127 126
203 127 126
200 127 126
199 128 126
198 127 127
197 128 127
196 128 127
194 128 127
193 128 127
191 128 128
189 128 127
220 126 142
221 126 142
221 125 142
220 125 143
220 126 143
220 126 143
218 125 144
215 126 144
212 126 145
211 126 145
210 126 145
209 126 145
208 126 145
207 126 146
205 126 147
202 126 147
202 126 148
202 126 147
202 126 147
206 126 147
210 126 144
217 127 141
225 128 136
190 128 126
193 128 125
195 128 124
197 128 124
197 128 123
196 128 123
196 128 123
195 128 122
195 128 122
194 128 122
193 128 122
192 128 121
191 128 121
190 128 121
189 128 120
187 127 120
186 128 120
185 127 120
184 127 119
182 127 119
181 127 119
179 127 119
178 127 119
177 127 119
177 127 119
176 127 119
176 127 118
175 127 119
175 127 118
174 126 119
174 126 118
173 126 118
173 126 118
172 126 118
172 126 118
172 126 118
171 126 118
171 126 118
171 126 119
171 126 119
170 125 119
170 126 119
170 125 119
170 126 119
169 125 119
169 126 119
169 126 120
168 126 120
168 126 120
168 126 120
167 126 120
167 126 120
167 126 120
166 126 120
166 126 120
166 125 120
166 125 120
166 125 119
159 125 118
155 124 117
152 124 116
151 124 116
148 124 116
146 124 115
142 123 114
139 123 113
136 123 113
134 122 112
131 122 111
130 122 111
127 121 110
126 121 110
124 121 109
123 120 109
122 120 108
122 119 108
122 119 108
122 119 108
123 119 108
123 119 108
124 119 108
124 119 108
125 118 108
125 118 108
209 121 136
208 121 135
207 120 135
207 121 135
206 121 135
206 120 135
205 121 134
205 120 134
204 120 134
131 119 109
131 119 109
131 120 109
131 120 110
131 120 110
131 120 110
132 120 110
132 120 110
200 120 132
199 120 132
199 120 132
198 120 132
197 120 131
196 120 131
196 120 131
132 120 110
132 120 110
132 120 110
131 120 110
131 120 110
130 120 110
130 119 110
130 120 110
161 99 113
157 120 125
159 122 126
168 126 130
160 126 129
126 127 128
118 124 127
107 120 126
100 121 127
96 121 127
108 122 129
108 121 128
125 121 129
114 117 128
112 118 128
112 115 127
114 114 127
109 118 129
109 119 130
112 119 130
129 110 125
121 123 116
123 123 116
127 123 117
138 116 120
133 116 120
133 116 120
144 115 121
146 114 121
143 114 121
137 116 120
134 117 120
133 117 120
133 117 120
132 117 120
132 118 120
137 117 120
137 117 120
135 118 120
135 118 119
135 118 119
135 119 119
135 119 119
135 119 119
135 120 119
135 120 119
135 121 118
136 121 118
135 121 118
135 121 117
135 121 117
135 121 117
135 121 117
136 121 116
136 121 116
137 121 116
135 121 116
135 121 116
134 121 116
133 122 115
133 121 115
133 122 115
132 122 115
132 122 114
131 122 115
131 122 114
130 122 115
129 122 114
128 122 115
127 123 114
158 119 131
158 119 131
156 119 131
155 118 131
154 118 131
152 118 132
151 118 132
150 118 132
149 118 132
147 119 132
145 119 132
142 119 132
138 118 131
137 118 131
137 118 131
138 118 131
139 117 131
139 117 131
140 117 131
140 116 131
141 115 131
142 115 130
142 115 130
143 114 130
143 114 130
144 114 129
144 113 129
145 113 129
145 113 129
145 112 129
145 112 129
145 112 128
144 111 128
144 111 128
144 111 128
144 110 128
144 110 127
144 110 128
144 110 128
143 110 127
143 109 127
143 109 127
81 133 130
81 133 130
82 133 130
82 133 130
82 133 130
82 133 129
83 133 129
83 132 129
83 132 129
83 132 129
83 132 129
83 132 129
83 132 129
83 132 129
83 132 129
84 132 129
84 132 128
85 132 128
85 132 128
85 132 128
86 131 128
86 131 128
86 131 127
87 131 127
87 131 127
87 131 127
87 131 127
87 131 127
87 131 126
87 131 126
86 131 126
87 131 126
87 130 126
87 130 126
87 130 126
87 130 125
88 130 125
89 130 125
89 129 125
90 130 124
92 129 124
94 129 124
95 129 123
96 129 123
167 109 132
167 108 132
167 109 132
168 109 133
168 109 133
168 109 133
168 110 134
168 110 134
168 110 134
168 110 134
168 111 135
168 111 135
169 111 135
169 111 136
169 112 136
170 112 137
170 112 137
171 112 138
171 112 138
172 113 139
173 113 139
87 133 133
87 133 133
88 133 133
88 133 133
87 133 133
87 133 133
86 133 133
85 133 133
84 133 133
83 133 133
83 133 133
82 133 133
81 133 133
79 133 133
78 133 132
78 133 132
77 133 132
77 133 132
77 133 132
77 133 132
77 133 132
78 133 132
78 133 132
78 133 133
79 133 132
79 133 133
80 133 133
81 133 133
169 123 123
168 123 123
166 123 123
164 123 123
162 124 122
160 123 122
158 123 122
156 123 122
155 123 121
153 123 121
152 123 120
152 123 120
151 123 119
150 123 119
148 123 119
146 123 119
145 122 119
144 122 118
143 122 118
142 122 118
142 122 118
141 122 118
141 122 118
141 122 118
141 122 118
141 122 118
141 122 118
141 122 118
141 122 118
141 122 118
141 122 118
141 122 118
141 122 118
142 122 118
144 122 118
144 122 118
144 122 118
145 122 118
145 122 118
145 122 118
145 122 118
145 122 119
146 122 118
136 130 124
134 130 124
133 130 124
131 130 123
129 131 123
128 130 123
127 130 123
126 130 123
125 130 122
125 130 123
126 130 123
127 130 123
128 130 122
129 129 122
130 129 122
131 129 122
132 129 122
133 129 122
135 129 122
136 129 122
138 129 122
138 129 123
139 129 123
140 129 123
141 129 123
142 128 123
142 129 123
142 128 123
142 128 123
142 128 123
141 128 122
141 128 122
141 128 122
142 128 122
173 111 120
178 110 121
175 111 123
174 112 124
170 114 124
167 115 123
166 114 122
163 115 121
162 115 120
161 114 120
160 114 119
158 114 119
158 113 119
159 113 119
160 113 119
161 113 119
161 113 119
161 113 119
162 113 119
163 113 119
163 113 119
163 113 120
162 113 119
160 113 119
161 113 119
181 122 144
180 121 144
180 122 144
181 121 145
181 121 144
181 120 145
182 119 146
182 119 146
183 118 146
184 117 147
184 117 147
185 116 147
185 116 147
186 115 148
186 115 148
187 114 149
187 114 149
188 113 149
188 112 149
188 112 150
189 111 150
188 111 150
188 111 150
187 110 150
187 110 149
187 109 149
187 110 149
186 109 150
186 109 150
185 108 150
185 109 149
184 108 149
184 108 149
183 108 149
183 108 149
182 107 150
182 108 150
181 107 150
181 107 149
181 107 149
180 107 149
180 107 148
171 104 118
173 103 118
173 102 118
174 101 117
175 101 117
175 100 116
175 99 116
176 98 115
178 97 115
180 96 115
181 95 114
182 95 114
183 94 113
184 94 113
184 93 113
183 92 111
183 91 110
181 90 109
181 89 109
181 89 109
180 89 108
179 88 108
179 88 107
180 88 107
180 88 107
181 88 107
179 88 107
178 88 106
178 88 106
178 88 105
209 113 118
209 113 118
209 113 118
209 113 118
209 113 118
209 113 118
209 114 118
209 113 119
210 114 118
210 114 119
210 114 119
211 114 119
211 113 119
211 114 119
211 114 119
211 114 119
212 114 119
212 113 119
212 114 119
212 113 119
212 114 119
212 113 120
213 114 120
213 113 120
213 114 120
213 113 120
214 114 120
214 113 120
214 114 120
214 114 120
214 113 120
215 114 120
215 113 121
215 113 120
215 113 121
216 114 121
216 113 121
216 113 121
217 113 121
217 114 121
217 113 121
218 114 121
218 113 121
218 114 121
218 113 122
219 114 121
219 113 122
219 114 122
219 114 122
219 114 122
219 114 122
220 114 122
220 114 122
220 114 122
221 114 122
122 120 123
117 119 122
118 121 125
117 122 127
119 123 129
120 123 130
121 124 130
122 124 130
122 124 130
123 124 130
124 123 129
124 123 129
124 123 128
123 123 128
123 123 128
123 123 128
123 122 128
122 123 127
122 122 127
122 122 127
121 122 127
121 122 127
120 122 127
119 122 127
118 122 126
117 122 126
117 122 126
117 122 126
117 122 125
117 122 125
118 121 124
118 121 124
119 120 123
119 120 123
119 119 122
120 119 122
120 118 122
120 117 121
119 117 121
118 117 121
117 117 121
117 116 120
117 116 120
118 115 120
119 115 119
124 113 119
130 113 119
138 112 119
146 111 119
146 114 120
150 116 121
146 119 122
139 121 122
140 123 124
147 123 124
153 123 123
161 123 123
168 122 123
172 122 123
175 122 124
177 121 124
179 121 124
183 120 125
185 120 125
187 119 125
188 118 125
189 118 125
188 117 125
183 117 125
176 117 125
171 117 125
168 118 124
169 117 124
169 117 125
171 117 125
175 118 126
180 118 126
183 119 127
186 120 127
191 120 127
200 121 128
210 121 129
218 122 129
227 123 130
231 124 130
234 124 130
236 124 130
238 125 130
239 125 131
239 125 131
239 125 133
230 124 132
165 122 126
145 120 127
154 120 133
170 121 133
181 122 132
191 122 132
208 123 133
67 126 129
61 127 129
146 125 130
145 125 130
81 121 137
80 121 136
80 121 136
81 121 136
82 120 136
82 120 135
82 120 135
80 120 134
77 121 132
74 121 132
71 122 130
68 123 130
65 123 129
65 123 129
65 123 129
193 121 128
222 122 130
219 121 128
181 118 123
181 119 125
195 120 131
204 122 136
209 123 137
201 123 135
175 122 132
163 122 132
172 122 133
185 123 135
204 123 137
203 123 136
177 123 134
137 123 132
99 124 130
87 124 130
103 124 131
131 124 133
155 124 134
170 124 135
173 125 135
163 125 134
149 124 134
143 124 134
147 124 133
156 124 130
180 123 130
223 123 133
244 125 134
246 126 133
247 126 132
245 124 132
230 121 133
216 120 133
209 119 134
202 114 133
196 109 132
196 104 134
202 103 136
211 108 136
222 113 135
228 117 133
230 120 132
232 121 131
222 122 131
201 121 130
185 121 129
143 123 130
71 124 130
48 125 129
39 126 128
54 124 129
54 124 129
110 121 129
132 123 131
135 122 131
98 125 132
162 120 126
198 121 127
213 122 128
205 121 126
182 119 125
154 119 126
113 121 126
82 124 127
64 125 127
65 125 128
80 125 128
103 124 128
116 123 127
108 122 125
97 122 124
100 123 126
106 122 126
120 121 124
110 120 123
111 122 125
95 123 126
75 125 126
56 126 128
44 126 128
39 126 128
38 126 128
39 126 128
37 126 128
37 126 128
45 126 128
61 125 128
66 123 128
68 121 125
60 123 124
115 119 132
137 116 134
103 118 131
40 126 128
102 110 132
101 110 133
103 110 133
105 110 132
109 109 131
111 108 131
116 107 131
122 107 131
127 106 131
131 105 131
137 105 131
142 104 131
147 104 131
153 103 131
158 102 131
163 101 131
168 101 131
174 100 131
179 99 131
185 99 132
189 99 131
191 100 131
192 102 132
195 104 132
197 106 132
200 107 132
203 109 132
208 110 133
211 112 133
215 113 134
218 115 134
219 115 134
220 116 133
220 116 134
220 117 134
220 118 134
220 119 133
221 119 134
222 120 134
220 119 134
53 126 128
53 126 128
58 126 128
56 126 128
56 126 128
58 125 127
65 125 126
55 125 126
52 125 126
55 125 126
60 124 126
63 124 125
65 123 125
64 124 125
64 124 125
59 126 127
50 126 128
45 126 128
47 126 128
50 126 128
54 126 127
61 125 126
63 125 126
54 125 126
58 125 125
80 123 125
89 125 126
83 125 127
104 123 126
129 120 123
118 120 122
111 119 120
108 120 122
120 121 124
116 121 125
84 120 120
56 123 123
51 126 128
50 126 128
50 126 128
48 126 128
48 125 127
56 122 122
66 119 119
67 119 120
75 117 118
81 116 117
83 115 117
84 116 118
94 118 119
88 119 120
72 121 121
56 124 124
69 124 133
70 124 133
70 124 133
68 124 133
68 124 133
68 123 133
69 123 134
71 123 134
76 122 135
81 122 135
83 122 134
85 121 134
86 121 134
86 121 134
88 121 134
91 121 134
94 120 134
98 120 134
102 119 134
106 119 134
111 119 134
117 118 134
122 118 134
126 118 134
125 117 133
122 116 132
117 115 131
114 115 130
116 116 130
235 124 130
239 124 131
238 124 130
233 123 130
226 122 128
225 121 128
228 121 128
216 122 128
178 122 126
151 121 123
143 122 124
145 122 125
148 123 127
137 124 127
134 124 128
145 124 127
155 121 124
151 118 121
152 117 121
134 118 122
97 121 123
71 123 124
58 124 126
57 124 126
65 124 126
90 121 126
211 122 133
209 121 134
207 121 134
207 122 134
207 122 134
210 122 134
215 123 133
224 125 133
230 126 133
231 126 133
228 126 133
222 125 134
215 124 134
209 124 135
206 125 134
211 125 133
217 125 133
218 125 133
220 125 133
225 125 133
230 126 133
230 125 133
225 125 133
230 126 133
77 127 129
100 125 136
99 125 136
100 125 136
99 125 137
99 125 137
97 125 138
96 126 137
94 125 138
93 126 138
91 126 138
89 126 138
87 126 139
84 127 139
82 127 139
82 127 138
83 126 138
86 126 138
90 126 138
93 126 139
96 126 139
102 125 138
109 124 139
116 124 140
122 123 142
127 124 142
132 124 143
135 123 142
135 124 141
134 124 139
132 124 138
129 124 137
127 124 136
124 124 135
121 123 134
120 123 133
118 122 132
119 122 132
120 122 132
123 122 133
125 123 134
125 124 135
126 124 135
126 124 135
125 124 135
125 124 135
124 124 135
122 124 135
118 123 135
115 123 135
111 123 135
107 124 135
106 123 136
105 123 136
104 123 135
102 123 135
100 124 136
98 124 136
96 125 136
95 125 136
96 125 136
95 125 137
95 125 136
95 125 136
95 124 136
94 125 136
94 124 136
94 124 135
94 124 135
122 124 121
121 124 121
121 124 121
120 124 121
119 124 121
119 123 121
118 124 121
118 123 121
118 123 121
118 123 120
118 123 121
118 123 120
118 123 121
119 123 120
120 123 120
121 123 120
121 123 120
122 123 120
123 123 120
124 122 120
125 122 120
126 122 120
126 122 120
127 122 120
128 122 120
129 122 120
130 122 120
131 122 120
132 122 120
132 122 120
133 122 120
134 121 120
136 121 120
137 121 120
137 121 120
138 121 121
139 121 120
139 121 121
140 120 121
140 121 121
141 120 121
140 120 121
139 121 121
139 120 121
140 120 121
140 120 121
141 120 121
142 120 121
143 120 121
143 120 121
144 120 121
238 131 129
239 131 130
239 131 129
240 131 129
240 131 129
240 131 129
240 131 129
240 131 129
240 132 129
240 132 129
240 132 129
239 132 129
239 132 129
239 132 129
238 132 129
238 132 129
238 132 129
238 132 129
238 132 129
238 132 130
239 132 130
239 131 130
240 131 131
240 131 131
241 131 131
241 130 132
242 130 132
242 130 132
242 130 132
242 130 133
242 129 133
242 129 133
242 129 133
242 129 133
242 129 133
242 129 133
241 129 133
241 130 133
240 130 133
240 130 133
239 130 133
239 130 133
238 130 133
237 131 133
237 131 133
236 131 133
236 131 132
235 131 133
234 132 133
233 132 133
232 132 132
186 130 147
186 129 147
186 130 147
186 129 147
186 129 147
186 129 147
186 129 147
186 129 147
186 129 147
186 129 148
186 129 147
185 129 147
185 129 147
184 129 147
184 129 147
183 129 147
183 129 147
183 129 148
183 129 147
182 129 148
182 129 147
181 129 148
181 129 148
181 129 148
181 129 148
180 129 148
180 129 148
180 129 148
180 129 148
180 129 148
180 129 148
180 129 148
180 129 148
180 129 148
189 124 137
188 123 137
188 123 137
188 123 137
188 123 137
189 123 136
189 123 136
190 123 135
190 123 135
191 123 134
191 123 134
192 123 134
192 123 133
192 123 133
193 123 133
193 123 133
193 123 133
193 123 133
193 123 133
194 123 133
194 123 133
193 123 133
194 123 133
193 123 134
194 123 133
193 122 134
194 123 133
194 123 134
194 123 134
194 123 134
193 123 134
194 123 133
194 123 134
194 123 134
152 125 121
152 125 121
151 125 121
151 125 121
151 125 121
150 125 121
150 124 121
150 125 121
149 124 121
149 124 121
149 124 121
149 124 120
148 124 121
148 124 121
148 124 121
148 124 120
148 123 120
148 123 121
147 123 120
147 123 120
147 123 120
147 123 120
147 123 120
147 123 120
147 122 120
147 122 120
147 122 120
147 122 120
147 122 120
147 122 120
147 122 120
147 122 120
147 122 120
147 122 120
67 126 128
66 126 128
141 121 118
142 121 119
142 121 119
141 121 119
140 121 118
139 120 118
139 120 118
139 120 118
138 120 118
138 120 118
138 120 118
139 120 118
138 121 118
138 120 119
138 121 119
139 121 119
139 121 119
139 121 119
140 121 119
140 121 120
140 121 119
140 121 120
141 121 120
141 121 120
141 121 120
141 121 120
142 121 120
142 121 120
142 122 120
142 121 121
142 122 121
142 122 121
142 122 121
142 122 121
142 122 121
142 122 121
142 122 121
142 122 121
142 122 121
142 122 121
143 122 121
143 122 121
143 122 121
143 122 122
144 122 121
144 122 122
144 122 122
144 122 122
144 122 122
144 122 122
144 122 122
145 122 122
145 122 122
145 122 122
145 122 122
144 122 122
142 122 121
135 127 132
135 127 132
135 127 132
135 127 132
135 127 132
134 127 132
134 127 132
134 127 132
134 127 132
134 127 132
134 127 132
134 127 132
134 127 132
134 127 132
134 127 132
135 127 132
135 127 132
136 127 132
136 127 132
137 127 132
137 127 132
138 127 132
139 127 132
139 127 132
140 127 132
141 127 132
142 127 132
143 127 132
143 127 132
144 127 132
145 127 132
146 127 132
147 127 132
147 127 132
133 120 120
132 120 120
131 120 120
131 121 120
130 121 121
129 121 121
128 121 120
128 121 120
128 121 121
128 121 120
128 121 121
127 121 121
127 121 121
126 121 121
125 121 121
125 121 121
124 121 121
123 121 121
122 122 121
121 121 121
120 121 121
119 122 121
117 122 121
115 122 121
114 122 121
112 122 121
111 123 121
110 123 121
109 123 121
108 123 121
107 123 121
107 123 121
106 123 121
106 123 121
106 123 121
105 123 121
105 123 121
105 123 122
105 123 122
105 123 122
105 123 122
105 123 122
105 124 122
104 124 122
103 124 123
102 124 122
102 124 123
102 124 123
102 124 123
101 124 123
101 124 123
102 124 123
102 124 123
102 124 123
102 124 124
102 124 124
101 124 124
101 124 124
101 124 124
40 128 130
40 128 130
41 128 130
43 128 130
46 127 130
48 128 130
51 128 130
54 128 130
57 127 130
60 127 130
63 127 130
66 127 130
70 127 129
73 127 129
77 127 129
81 127 129
85 127 129
90 127 129
94 127 129
99 127 129
104 127 129
111 127 129
118 126 130
126 126 130
134 126 130
141 126 130
146 126 130
144 126 130
143 126 130
142 126 130
176 125 130
176 125 131
176 125 131
176 125 130
176 125 130
176 125 130
177 125 130
177 125 130
178 125 130
178 125 130
179 125 130
179 124 130
179 125 129
180 124 130
180 124 129
180 124 129
181 124 129
181 124 129
181 124 129
182 124 129
182 124 129
182 124 129
182 124 129
182 124 129
182 124 129
182 124 128
181 123 128
181 123 128
181 123 128
182 123 128
182 123 128
183 123 128
183 123 128
184 123 128
184 123 127
185 123 127
185 123 127
186 123 127
192 126 132
192 126 132
192 126 132
192 126 132
192 126 132
192 126 132
193 126 132
192 126 133
193 126 132
192 126 133
193 126 133
192 126 133
192 126 133
192 126 133
192 126 133
192 126 133
192 126 133
155 122 120
155 122 120
156 122 120
156 122 120
156 122 121
156 122 121
157 122 121
190 127 135
190 127 135
190 127 135
189 127 135
189 127 135
189 127 135
156 121 120
155 121 120
154 121 120
125 102 151
126 102 151
127 102 152
132 102 152
135 102 151
138 101 151
140 101 150
140 101 150
146 101 149
153 103 147
170 104 142
189 106 139
189 106 137
199 107 139
212 109 140
210 111 141
210 111 141
208 110 141
208 109 139
209 109 137
208 109 136
206 109 132
202 108 130
196 107 130
188 107 128
182 106 128
173 106 127
170 106 128
168 107 128
169 107 128
171 109 125
190 106 159
191 106 160
189 106 159
188 106 156
187 106 155
187 106 154
187 106 154
187 106 154
188 106 155
188 107 156
188 107 156
188 107 157
188 107 157
188 107 158
187 107 159
187 107 159
188 107 160
188 107 161
191 107 162
194 107 161
196 107 161
198 107 159
200 106 160
200 106 160
201 106 161
203 106 161
205 106 162
205 107 163
204 107 164
202 107 165
201 107 165
202 107 164
203 108 163
204 108 161
205 108 161
204 108 161
204 108 162
205 108 164
199 107 166
196 107 167
194 107 167
194 106 167
194 107 168
194 107 168
195 106 168
195 107 167
149 126 120
148 126 120
148 126 120
148 126 120
149 126 120
150 126 120
151 126 120
152 126 120
153 126 120
153 126 120
153 126 120
153 126 120
154 126 120
154 126 120
154 126 120
154 126 120
155 126 120
155 126 120
155 126 120
155 126 120
155 126 120
155 126 120
156 126 121
155 126 121
154 126 121
153 126 121
152 126 122
151 126 122
151 126 122
150 126 122
149 126 122
149 126 122
148 126 123
149 126 122
113 122 119
116 122 119
115 122 119
114 122 119
113 122 119
112 123 118
110 123 118
111 123 118
113 122 119
116 121 119
117 121 119
117 121 119
115 121 119
113 122 118
110 123 118
109 123 118
109 123 118
112 122 118
114 122 118
114 122 119
111 122 119
110 122 119
110 122 119
109 122 119
108 122 118
108 122 119
109 122 119
110 122 119
111 122 119
110 122 119
109 122 119
110 122 119
113 121 119
116 121 119
193 106 165
192 106 164
192 107 164
193 107 166
194 107 167
194 107 168
193 107 168
192 106 168
191 106 167
189 105 167
188 105 166
186 105 165
188 105 165
189 106 166
188 106 166
186 106 166
186 106 165
187 107 164
190 107 162
191 107 161
191 107 161
189 107 162
188 107 162
187 106 161
188 106 160
188 106 159
187 106 155
182 107 149
177 108 146
181 108 150
190 107 156
188 106 158
189 106 159
189 106 160
194 107 158
198 107 157
199 107 156
199 107 154
98 114 141
96 114 139
97 115 134
95 115 133
91 115 135
93 114 141
106 115 137
87 114 133
95 116 107
121 111 116
129 108 143
119 108 159
109 111 150
101 116 133
108 111 133
123 106 126
90 113 114
70 113 123
72 111 137
71 114 139
72 116 132
87 114 130
101 112 135
104 111 139
108 109 140
116 109 133
115 112 124
110 113 119
104 112 117
104 110 118
111 111 120
114 113 119
119 116 119
135 117 121
164 116 128
187 115 131
189 114 132
166 115 130
112 90 154
129 92 152
149 96 151
162 99 151
177 102 152
191 104 152
204 107 152
216 109 152
224 111 152
228 112 152
229 113 152
228 113 153
224 113 155
223 112 156
221 112 157
218 111 159
218 111 158
222 112 156
223 112 156
224 113 155
223 113 155
221 112 156
218 112 158
216 111 159
213 110 160
207 109 162
201 108 164
200 108 166
197 107 168
195 107 169
192 107 169
190 107 167
187 107 164
188 107 162
189 108 161
190 108 160
191 108 159
190 107 161
188 106 164
187 106 167
186 106 169
186 106 169
186 106 169
185 106 168
186 106 168
187 106 168
185 106 169
183 106 171
181 106 172
180 106 173
179 105 173
180 105 172
180 105 170
179 105 168
180 105 166
179 106 164
177 107 160
176 107 157
178 107 156
180 107 156
183 107 156
183 107 154
182 108 153
180 108 152
178 108 150
178 107 150
177 107 150
176 107 150
223 123 122
223 122 122
223 123 122
222 122 122
222 123 122
222 123 122
221 123 122
221 123 123
220 123 122
220 123 123
219 123 123
218 123 123
217 123 122
216 123 122
215 123 122
214 122 122
212 122 121
210 122 121
209 121 121
208 121 120
207 121 120
205 120 120
204 120 119
203 119 119
203 119 118
164 92 107
164 92 107
164 91 107
165 91 107
165 91 107
165 91 107
166 91 107
166 90 107
166 91 108
165 90 108
165 91 108
165 91 108
165 91 108
164 91 108
164 91 108
164 91 109
164 91 108
164 91 109
164 91 108
164 91 109
164 91 108
164 91 108
164 90 108
165 90 108
166 90 108
167 90 108
168 89 108
169 89 108
170 88 107
170 88 107
171 88 107
171 88 107
171 87 107
172 87 107
172 87 107
172 87 107
172 87 107
172 87 107
172 87 108
172 87 108
172 87 108
172 87 108
226 117 143
223 116 143
221 114 143
219 113 143
215 112 142
211 112 142
207 112 141
203 112 140
199 112 140
196 112 139
192 112 138
188 112 138
185 112 138
182 111 138
179 111 138
176 111 138
173 110 137
170 110 138
168 110 137
166 109 137
165 109 137
163 109 137
163 109 137
162 109 137
161 109 136
160 109 137
159 110 136
158 110 137
158 110 137
157 110 137
156 111 137
155 111 138
154 112 138
153 112 138
153 112 138
152 113 139
153 113 138
153 113 139
153 114 139
153 114 139
154 114 140
153 114 140
154 115 140
154 115 140
154 116 140
154 116 141
154 116 141
153 116 141
153 117 141
152 117 141
151 117 142
150 118 142
149 118 142
148 118 143
147 118 143
145 119 143
144 119 144
143 120 144
142 120 144
141 120 144
140 120 144
139 120 144
138 121 144
137 121 145
137 121 144
136 121 145
136 121 144
114 121 120
122 116 116
115 115 115
132 101 110
145 88 106
144 86 106
132 96 110
113 107 114
93 118 117
100 117 115
111 108 111
127 107 111
135 110 113
137 109 114
136 110 115
129 113 116
115 120 119
104 126 123
94 131 125
91 132 126
86 132 128
76 133 128
74 133 128
73 133 128
72 133 129
72 133 129
73 133 129
74 133 129
75 133 129
76 133 129
76 133 129
77 133 130
79 133 130
80 133 131
81 133 130
209 114 136
210 114 136
210 114 137
210 114 137
210 114 137
210 114 137
211 114 137
211 114 138
211 113 138
211 114 138
211 113 138
211 113 139
211 113 139
211 113 139
210 112 140
210 112 140
210 112 141
210 112 141
209 112 142
209 111 142
208 111 142
207 111 143
207 111 143
206 110 144
206 111 144
78 135 102
79 135 102
81 135 102
81 135 103
79 135 103
76 134 102
74 135 102
74 135 103
74 134 103
75 135 103
75 135 102
74 134 103
75 135 103
75 134 103
74 135 103
74 135 103
74 135 103
222 120 125
222 120 125
222 121 125
220 121 125
217 121 124
215 120 123
215 120 122
214 120 121
215 120 121
218 120 121
221 120 121
224 120 121
226 120 121
229 119 121
230 118 121
232 117 120
236 117 121
242 117 122
245 118 123
240 120 124
240 120 124
234 121 125
226 122 125
219 124 126
214 124 126
211 125 126
209 125 126
209 126 126
210 125 126
211 126 126
211 126 126
212 126 126
211 126 126
212 126 126
212 126 126
212 126 126
212 126 126
212 126 126
212 126 126
212 126 126
212 126 126
212 126 126
211 126 127
156 121 124
151 120 128
148 118 131
138 119 133
130 119 134
128 119 134
132 117 132
151 117 133
161 118 133
160 118 135
148 120 136
148 115 141
124 117 140
142 108 147
137 114 141
169 112 142
149 107 138
91 118 132
97 115 130
98 116 131
99 116 131
100 116 129
100 116 127
94 116 126
90 117 126
89 118 126
88 118 127
87 118 127
87 119 127
88 119 127
90 118 128
97 117 129
97 116 129
98 115 129
99 115 129
100 115 127
100 114 126
94 114 125
93 115 126
95 116 127
94 118 129
90 119 131
87 121 132
85 122 132
88 122 132
96 123 133
98 123 134
87 123 136
75 125 135
63 126 133
63 123 132
64 121 131
64 121 131
64 122 130
65 122 130
68 122 130
71 121 130
74 121 129
76 121 128
76 120 128
77 120 128
77 121 128
76 121 129
74 122 130
74 122 130
75 122 130
76 122 129
78 121 129
78 121 128
78 121 129
77 122 129
77 122 130
80 122 131
79 122 130
78 122 130
79 121 129
80 121 128
80 121 128
80 121 128
79 121 129
78 122 129
79 122 129
80 121 128
85 119 130
88 119 137
113 113 146
124 111 150
127 110 151
127 110 151
128 110 151
130 110 151
129 110 151
129 110 150
128 110 150
126 111 150
123 111 150
119 111 149
115 113 148
109 114 145
103 115 143
94 117 140
85 120 135
89 119 135
90 117 133
83 119 129
79 120 128
79 121 128
79 121 128
77 122 129
77 122 130
80 122 130
83 123 131
83 124 132
85 124 132
88 124 133
88 124 133
89 124 133
89 124 133
89 124 133
90 123 133
90 123 133
90 123 133
89 123 133
89 123 133
89 124 133
86 124 134
72 125 132
70 125 132
73 125 133
76 125 132
79 125 135
81 125 135
82 125 136
83 125 136
84 125 136
82 124 135
84 124 135
84 124 134
82 123 134
83 123 133
86 121 132
87 121 131
88 120 130
91 119 129
94 115 127
95 112 125
96 112 125
97 113 126
100 112 125
99 112 124
97 114 125
95 114 125
82 121 131
82 123 136
78 124 136
78 124 136
79 123 136
80 123 136
78 122 135
78 122 133
82 121 132
86 121 131
91 120 130
92 118 127
93 116 126
96 115 128
102 113 130
111 111 132
123 110 134
130 110 137
135 110 139
140 110 140
146 109 143
151 109 143
147 110 143
144 111 143
143 111 143
146 111 144
146 111 144
146 111 144
145 112 144
146 112 144
146 113 144
143 114 143
145 112 143
146 112 142
147 112 140
141 113 139
142 114 139
143 115 138
142 115 138
143 116 138
141 116 138
142 116 138
146 116 140
152 114 142
154 115 142
156 116 140
159 108 141
125 107 139
114 113 136
112 116 136
105 117 135
99 117 134
92 119 131
88 119 130
88 119 130
87 119 131
85 120 132
83 120 133
81 120 134
79 120 134
84 120 133
89 121 134
88 122 135
81 122 136
80 122 135
80 121 134
81 121 134
86 119 131
96 116 127
94 113 123
97 114 124
96 114 124
94 114 123
92 114 124
91 113 124
91 113 124
93 113 126
99 113 126
112 112 125
123 111 125
125 112 124
121 112 124
118 112 125
113 113 126
111 112 126
109 111 126
108 112 128
106 114 130
107 118 131
104 122 132
103 122 132
102 123 133
100 123 133
98 124 134
89 124 132
78 125 131
71 125 131
76 122 129
76 121 129
76 122 129
78 121 128
80 120 127
80 120 126
80 119 126
85 118 127
90 117 129
94 116 131
95 116 133
92 118 134
88 119 135
92 118 138
98 116 141
102 115 143
106 115 143
110 114 145
116 113 147
121 112 149
125 111 150
128 110 150
130 111 150
133 110 151
136 110 152
140 110 153
145 110 153
149 110 154
152 109 154
152 110 154
123 122 115
100 120 111
108 121 112
97 120 111
107 121 112
112 123 114
111 123 114
115 123 113
118 123 114
118 123 114
115 123 114
115 123 114
109 123 117
108 124 120
110 124 123
106 124 126
74 123 127
78 122 127
84 122 127
92 120 116
79 123 127
73 124 127
71 124 127
71 124 126
74 124 126
76 124 125
75 125 124
71 125 124
69 125 124
66 125 124
62 125 126
61 124 128
61 124 129
63 124 129
65 124 129
66 123 128
67 123 128
69 123 128
81 121 127
93 120 126
104 119 125
111 118 125
115 118 124
121 117 124
129 117 123
137 116 123
144 116 123
148 115 123
150 116 124
149 116 124
147 117 124
145 117 124
144 117 124
145 117 124
144 118 125
145 118 125
144 118 125
144 119 125
144 119 124
143 119 125
144 119 125
145 120 125
145 120 125
147 120 125
147 120 125
147 120 126
146 121 126
146 121 126
147 121 126
145 121 126
144 122 126
144 122 126
144 122 126
144 122 125
143 122 125
140 122 125
137 123 125
133 123 125
127 123 125
123 124 125
119 124 125
115 125 125
113 125 125
113 125 125
113 125 125
118 124 124
121 124 124
124 123 124
126 123 124
127 123 124
128 123 123
127 123 123
127 123 123
127 123 123
126 123 123
126 123 123
126 123 123
125 123 123
125 123 123
125 123 123
59 124 128
61 125 127
63 125 125
63 126 124
63 126 123
62 126 123
62 126 124
62 126 125
62 125 126
63 124 127
63 124 128
67 123 128
70 122 128
74 122 128
72 122 128
68 123 128
66 123 129
67 123 129
69 123 129
73 122 128
75 121 128
77 121 128
78 121 128
78 121 128
77 120 128
77 121 128
74 121 129
74 121 128
78 121 128
81 121 128
84 120 128
85 121 128
85 121 128
82 121 128
79 122 129
76 122 129
73 123 129
72 123 129
68 123 129
66 124 129
65 124 128
64 124 128
62 124 129
63 124 129
66 124 129
97 120 127
117 118 126
128 117 125
139 116 125
145 116 126
149 116 126
150 116 126
151 116 126
153 116 126
154 116 126
159 116 126
162 116 126
164 116 126
165 116 127
164 117 127
166 117 128
166 118 129
166 118 130
167 118 130
166 118 131
166 119 131
166 119 131
165 119 131
164 118 130
164 118 130
163 118 129
162 118 129
162 118 129
162 117 128
162 116 127
159 116 126
154 116 125
150 116 124
147 115 124
142 115 124
135 116 124
126 117 124
120 118 124
112 119 125
108 119 125
101 120 126
94 121 126
91 121 127
91 121 127
91 121 127
93 121 127
97 120 126
105 119 126
108 119 126
99 120 127
90 121 128
85 122 128
82 122 128
85 121 128
90 120 127
91 120 126
87 121 127
81 122 128
76 122 129
73 123 129
72 123 129
71 123 129
73 123 129
72 123 129
66 123 129
66 123 130
69 123 129
72 123 129
77 122 128
84 121 128
91 121 128
94 120 128
95 121 127
94 120 127
89 121 128
85 121 128
84 121 128
91 120 127
102 119 126
108 118 125
112 117 125
112 117 125
111 117 125
108 118 125
108 118 125
114 117 125
123 116 124
132 115 123
138 114 122
143 114 122
142 115 122
138 115 123
135 116 123
137 115 123
143 115 123
146 115 123
146 115 123
146 115 123
147 115 123
150 115 124
149 115 124
147 116 124
144 116 124
141 116 124
139 116 124
137 116 124
136 116 124
134 116 124
132 115 124
128 116 124
126 116 124
126 117 124
123 117 124
117 118 125
110 119 126
102 119 127
88 121 128
70 123 129
65 123 129
63 124 130
64 124 129
66 123 129
67 123 129
67 124 129
66 124 130
67 124 129
65 124 128
63 124 127
62 124 128
66 124 129
86 123 129
102 119 126
78 119 124
91 118 125
138 116 125
166 117 126
158 117 126
147 118 125
136 118 124
108 119 123
104 119 123
102 119 123
99 120 124
97 120 124
94 121 124
92 121 125
90 122 125
87 122 125
86 122 125
84 122 125
82 123 125
128 127 126
121 128 127
115 129 129
110 130 130
106 131 131
105 131 132
105 131 132
104 131 132
103 131 132
103 132 132
103 131 132
103 131 132
105 131 132
107 131 132
110 131 132
112 131 132
113 131 131
113 131 131
113 131 131
114 130 130
115 130 130
116 129 129
117 129 129
116 129 129
114 128 128
112 128 128
110 128 128
108 127 128
106 127 128
105 127 127
104 127 127
105 127 127
105 127 127
105 126 127
105 126 127
105 126 127
105 126 127
105 126 127
105 126 127
105 126 126
106 126 126
106 126 127
107 126 126
131 126 127
158 125 124
143 124 120
146 122 117
151 119 111
155 115 107
156 113 103
153 111 99
140 109 94
141 107 91
131 109 88
120 112 86
122 112 86
123 113 86
142 108 88
147 109 90
151 110 92
149 113 92
153 113 92
157 112 93
167 110 95
167 111 97
171 111 98
179 109 99
187 108 101
187 108 101
185 109 101
189 109 102
192 107 102
193 107 102
193 107 102
194 107 103
197 106 103
196 105 103
195 105 102
193 105 102
191 106 101
191 106 101
190 106 101
190 106 101
186 107 102
190 106 102
184 108 101
182 108 101
183 108 101
183 108 100
188 107 101
189 106 101
190 107 101
191 106 102
195 106 103
198 105 104
199 104 104
200 104 104
200 104 105
202 104 105
203 104 105
205 104 106
206 104 106
206 104 106
207 103 107
209 103 108
211 106 114
130 96 145
106 93 146
106 93 146
105 93 146
105 93 146
105 94 146
105 94 146
105 94 145
105 93 146
105 93 146
105 93 145
105 94 145
104 94 145
104 94 144
105 93 145
104 94 145
104 95 144
103 95 144
104 95 144
105 95 144
107 94 144
110 94 144
114 93 145
117 92 145
121 91 145
125 90 146
129 89 146
133 88 146
136 88 146
139 87 147
142 86 147
145 86 147
163 90 142
90 113 88
93 112 87
95 112 86
96 111 85
97 111 84
97 110 85
99 110 84
102 109 83
102 109 83
103 108 83
105 108 82
106 108 82
106 107 83
106 107 84
106 107 83
107 107 83
107 107 83
105 107 82
105 107 82
105 107 82
105 107 82
105 107 82
105 108 82
114 95 146
114 95 146
116 94 146
119 93 145
118 96 143
118 96 142
118 96 142
118 96 142
118 96 142
118 96 142
118 96 142
118 96 142
118 96 142
118 96 142
119 96 142
119 96 142
141 124 126
139 124 126
137 125 126
136 125 127
134 125 127
133 125 127
132 125 127
130 125 127
129 126 127
127 126 128
126 126 128
126 126 128
125 126 128
124 126 128
123 126 129
122 126 129
121 127 129
120 127 129
119 127 129
118 127 130
117 127 130
116 127 130
116 127 130
115 127 131
115 128 131
114 128 131
113 128 131
113 128 131
112 128 131
112 128 131
193 120 124
192 120 124
193 120 124
193 119 124
194 120 124
194 119 124
195 119 124
195 119 124
195 120 123
195 120 123
194 120 123
194 120 122
194 120 122
193 120 122
192 120 122
191 120 122
191 121 121
189 121 121
189 121 121
188 121 121
187 121 121
186 121 121
186 122 120
185 122 120
184 122 120
183 122 120
183 123 120
182 123 120
182 124 119
180 124 119
179 124 119
178 124 119
178 124 119
177 124 119
177 124 119
176 125 119
176 125 119
67 126 129
71 126 128
179 126 125
154 126 124
124 127 124
113 129 127
131 127 128
154 126 130
174 127 133
193 127 133
199 127 132
204 127 131
210 127 131
214 127 132
216 127 132
217 127 133
217 127 133
219 127 133
223 127 133
229 127 134
232 127 134
236 127 134
236 127 134
236 127 133
235 127 132
223 125 129
201 122 124
165 120 120
132 120 117
114 121 116
105 121 113
104 122 113
104 123 113
106 123 113
116 122 113
127 121 112
132 120 112
134 119 112
132 120 113
135 121 113
134 122 114
131 122 113
126 122 112
126 122 111
243 126 131
242 126 132
237 126 131
213 124 126
186 122 119
171 120 115
177 119 115
185 119 116
191 119 116
195 119 117
207 121 121
219 124 126
231 126 130
237 127 131
237 127 131
237 127 132
237 127 132
234 127 133
233 127 133
233 127 133
229 126 132
225 127 131
186 128 128
183 128 128
183 128 127
183 128 127
184 128 127
187 128 127
188 128 127
189 128 127
188 128 126
184 128 126
183 128 126
181 128 125
179 128 125
174 128 124
171 128 124
171 128 123
169 128 123
167 128 122
160 127 120
158 127 119
158 126 118
156 126 118
152 127 118
146 126 118
141 127 117
142 126 117
143 126 117
143 126 117
145 126 117
152 127 119
152 128 121
154 129 124
95 129 124
93 129 123
90 130 125
96 131 128
104 133 130
112 133 131
120 133 132
126 133 133
130 133 133
134 132 133
135 131 132
136 130 131
142 130 130
149 129 130
160 127 129
166 126 128
168 126 128
170 126 129
173 127 130
176 128 130
178 128 131
181 129 131
186 129 132
190 130 132
191 129 133
192 130 133
194 130 133
197 130 134
198 130 134
197 130 134
196 130 134
196 130 134
198 130 134
202 130 135
53 129 128
53 129 129
53 129 129
53 129 129
53 129 129
53 129 129
53 129 129
53 129 128
53 129 129
53 129 128
53 129 129
53 129 128
53 129 129
55 129 128
53 129 129
53 129 128
54 129 128
55 129 128
58 129 127
57 129 127
57 129 127
57 129 127
59 129 126
61 129 126
62 129 125
64 128 125
64 128 125
65 128 125
65 128 125
64 128 125
64 128 124
64 128 124
63 128 124
63 128 125
64 128 125
143 132 128
145 133 129
148 133 129
149 132 129
149 132 129
149 132 130
147 133 130
146 134 130
145 134 130
145 134 130
147 134 131
149 134 131
151 134 130
151 133 130
151 133 130
151 133 130
150 134 130
149 134 130
148 134 130
147 133 130
145 133 129
142 131 128
140 129 126
145 126 124
149 125 123
149 125 123
149 125 123
149 125 123
149 125 123
93 127 125
82 130 129
82 130 130
81 130 130
80 130 130
79 130 130
79 130 130
79 130 130
79 130 130
78 130 130
78 130 130
77 130 130
78 130 130
85 130 129
79 130 130
78 130 130
79 130 130
80 130 130
81 130 130
84 130 129
87 130 128
89 130 128
88 130 128
87 130 128
86 130 128
85 130 128
85 130 128
84 129 129
84 130 129
154 132 130
151 132 129
148 131 129
146 131 128
145 130 127
141 130 126
135 129 125
131 129 124
126 129 123
121 128 122
120 127 121
120 127 121
120 127 121
122 127 121
123 127 121
123 126 121
125 126 122
126 126 122
129 125 122
133 125 123
137 125 123
139 125 123
140 124 122
140 124 121
143 124 121
146 124 121
151 124 121
161 125 122
169 125 122
176 125 123
182 125 124
190 125 125
195 125 127
197 126 128
204 126 128
185 129 132
185 129 132
184 129 132
184 129 132
183 130 132
182 130 132
183 130 133
184 130 133
186 130 133
185 130 133
186 130 133
186 130 133
185 130 132
185 129 132
185 129 132
186 129 132
188 129 132
189 129 133
190 130 133
190 130 133
191 130 133
102 117 133
102 117 133
102 117 133
101 117 133
102 117 133
101 117 133
101 117 133
101 117 133
101 117 133
101 117 133
101 117 133
101 117 133
102 117 133
102 117 133
102 117 133
102 118 133
102 118 133
102 117 133
102 118 133
102 118 133
102 117 133
102 118 133
102 117 133
103 117 133
104 117 133
104 117 133
104 117 133
105 117 133
106 116 133
107 116 133
107 116 133
108 116 133
109 116 133
111 116 133
111 116 133
112 116 133
113 116 133
114 116 133
114 116 133
115 116 133
116 116 133
117 116 133
117 116 133
118 116 133
118 116 133
119 116 133
119 117 133
158 111 128
160 110 129
162 110 128
163 110 129
165 110 128
166 110 129
168 110 128
169 109 128
171 109 128
172 109 129
174 109 129
175 108 129
178 108 128
181 108 128
183 108 129
184 109 129
184 110 129
185 112 130
185 113 131
183 115 133
177 116 134
169 116 134
156 116 134
145 116 132
138 116 131
129 118 131
124 119 131
126 119 130
128 119 127
127 120 124
121 122 121
117 124 120
112 125 121
106 126 123
99 127 126
95 127 127
99 127 129
111 127 130
131 126 131
152 126 131
171 125 131
186 125 130
196 124 130
200 124 130
202 124 130
202 124 130
185 121 148
186 121 148
186 121 149
187 122 149
186 122 149
186 122 150
187 122 149
186 122 149
186 122 149
186 122 149
186 122 149
186 122 149
187 123 149
188 122 149
189 122 149
190 122 150
191 122 150
192 123 150
192 123 150
192 122 150
193 123 150
193 123 150
194 123 150
195 123 149
196 123 149
196 123 150
198 123 149
198 124 149
198 123 149
199 124 148
199 123 148
199 123 148
200 123 147
201 123 147
202 123 147
203 123 146
204 123 146
204 123 146
205 123 146
206 123 145
207 123 145
207 123 145
208 122 144
208 122 144
209 123 143
209 123 143
210 122 142
211 122 142
211 122 142
212 122 142
212 122 141
212 122 142
212 121 142
213 121 142
213 121 142
140 121 134
153 121 136
152 122 136
145 122 135
144 122 134
144 122 134
144 122 134
143 121 134
142 122 134
141 122 134
141 122 133
140 122 133
140 122 133
139 122 133
139 122 133
138 122 132
137 122 132
137 121 132
136 122 132
135 122 132
134 122 132
134 122 132
134 121 132
134 121 132
133 121 132
133 122 132
133 121 132
133 121 132
133 121 132
133 122 132
133 121 132
133 122 132
132 121 132
133 122 132
133 122 132
132 122 132
133 122 132
133 122 132
133 122 132
133 122 132
133 122 132
133 122 132
133 122 132
132 122 132
132 122 132
132 122 132
131 122 132
131 122 132
130 123 132
130 122 133
130 123 133
236 122 136
235 122 137
233 120 139
233 120 139
232 119 139
231 120 139
230 119 139
231 120 138
231 120 138
232 120 139
233 120 139
233 119 139
233 119 140
233 119 140
233 119 141
233 119 140
233 119 141
233 119 141
232 119 141
232 118 142
232 119 142
232 118 142
232 118 142
232 118 142
232 118 142
232 118 142
231 118 142
231 118 142
230 118 142
230 118 142
230 118 142
230 118 142
230 118 143
230 118 142
230 118 143
229 118 143
229 119 143
229 118 143
229 118 143
229 118 143
229 118 144
229 118 144
229 118 144
229 118 144
229 118 144
229 118 144
229 118 144
229 118 144
229 117 144
228 117 145
228 117 145
228 118 144
228 117 145
228 117 145
228 117 145
228 117 145
227 117 145
227 117 145
227 117 145
227 117 145
227 117 145
227 117 145
227 117 145
228 117 145
227 117 146
227 117 146
227 117 146
227 117 145
227 117 146
227 117 145
227 117 145
228 117 145
227 117 145
228 117 145
228 117 145
228 117 145
26 129 133
26 129 133
26 129 133
26 129 133
26 129 133
26 129 133
26 129 133
26 129 133
26 129 133
26 129 133
26 128 133
26 129 133
26 128 133
26 128 133
26 129 133
26 129 133
26 128 133
26 128 133
27 128 133
27 128 133
27 128 133
27 128 133
29 128 133
33 128 133
36 128 133
36 128 133
32 128 133
34 128 133
38 128 134
42 128 134
48 128 134
54 128 134
60 127 134
70 127 134
75 127 134
82 128 134
88 128 134
94 128 134
102 128 134
107 127 134
116 127 134
119 126 134
123 126 134
122 125 134
121 125 134
118 125 134
116 125 134
114 125 134
114 122 133
118 121 132
120 119 131
125 118 131
130 118 131
134 119 131
139 118 131
143 117 130
146 116 130
149 115 129
151 113 128
152 111 127
152 110 127
152 108 126
153 107 125
153 106 124
153 105 124
153 103 123
153 101 122
154 99 121
156 97 119
158 94 118
161 91 116
163 88 114
163 86 113
164 84 112
165 82 110
167 81 109
168 80 108
166 81 109
157 84 111
158 85 112
162 84 112
163 84 112
164 84 112
166 84 112
167 84 112
169 84 112
170 84 111
171 83 111
172 82 110
172 82 110
173 81 110
173 80 109
174 79 108
174 79 108
175 78 107
175 78 107
176 78 107
176 78 107
176 78 107
177 78 107
177 79 108
178 79 108
178 79 108
178 79 108
178 79 108
178 79 108
179 79 108
179 80 108
179 79 108
180 80 108
180 80 108
180 80 108
179 79 108
179 79 108
179 79 108
179 79 108
178 79 108
179 79 108
178 79 108
178 79 107
175 75 100
175 75 100
175 75 100
175 75 100
175 75 100
174 75 101
175 75 100
174 75 100
174 75 101
174 75 100
174 75 101
174 75 100
174 75 100
174 75 100
174 75 100
174 75 100
174 75 100
175 75 100
175 75 100
175 75 100
175 75 100
175 75 100
174 75 100
175 75 100
174 75 100
174 75 100
175 75 100
174 75 100
175 75 100
175 75 100
174 75 100
175 75 100
174 75 100
174 75 100
174 75 100
174 75 100
174 75 100
174 75 100
174 75 100
174 75 100
174 75 100
175 75 100
175 75 100
175 75 100
175 75 100
175 75 100
175 75 101
175 75 101
175 75 101
175 75 100
174 75 100
174 75 100
174 75 100
174 75 100
174 75 100
174 75 100
173 74 100
173 74 100
173 74 100
173 74 100
173 75 100
173 74 100
173 75 100
173 74 100
173 75 100
173 75 100
173 75 100
173 75 100
173 74 100
173 74 100
172 74 100
172 74 100
173 74 100
173 74 100
173 74 100
173 74 100
148 98 116
148 98 116
147 98 117
147 98 117
147 98 116
147 98 117
147 98 116
147 98 116
147 98 116
147 98 116
147 98 116
147 98 116
147 98 116
146 98 117
146 98 116
146 98 116
146 98 116
146 98 116
146 98 117
146 98 116
146 98 116
146 98 117
145 99 117
145 99 117
145 99 117
145 99 117
145 99 117
145 99 117
145 99 117
144 99 117
144 99 117
144 99 117
144 99 117
144 99 117
143 99 117
143 99 117
143 99 117
143 99 117
143 100 117
142 100 117
142 100 117
142 100 117
142 100 117
141 100 117
141 100 117
141 100 117
141 100 117
141 100 117
141 100 117
140 100 117
140 100 117
140 100 117
140 101 117
140 101 117
140 101 117
139 101 117
140 101 117
139 101 117
139 101 117
139 101 117
139 101 117
139 101 117
139 101 117
139 101 117
139 101 117
139 101 117
138 101 118
138 101 118
138 102 117
138 102 118
138 102 118
138 102 118
138 102 118
138 102 118
138 102 118
137 102 118
138 102 118
137 102 118
137 102 118
137 102 118
183 82 109
182 82 109
183 81 109
184 82 109
184 82 109
184 82 109
184 82 109
184 82 109
183 82 109
184 82 109
184 82 109
184 82 109
184 82 109
184 82 109
183 82 109
184 82 109
184 82 109
183 82 109
183 82 109
183 81 109
182 81 109
182 81 109
182 81 109
182 81 109
182 81 109
182 81 109
182 81 109
182 81 109
182 81 109
181 81 109
181 81 109
181 81 109
181 80 109
181 80 108
181 80 108
180 80 109
180 80 108
180 80 108
180 80 108
180 80 108
180 80 108
179 80 108
179 80 108
179 80 108
178 80 108
177 80 108
176 80 108
175 81 109
174 81 109
172 82 109
171 82 110
98 127 116
95 128 116
94 128 116
91 129 117
86 130 119
82 130 120
83 130 121
86 130 122
88 130 121
89 130 121
90 130 122
91 130 123
91 131 123
91 131 123
92 131 124
95 131 124
96 131 123
98 131 123
99 131 123
100 131 123
101 130 123
102 131 123
102 131 123
103 130 124
104 131 124
104 131 124
105 131 124
106 131 123
105 131 123
105 131 123
105 131 123
105 131 124
106 131 123
106 131 124
107 131 123
108 131 123
108 132 123
108 131 123
107 132 123
107 131 122
108 131 121
108 130 121
108 130 120
109 130 120
108 130 120
108 130 120
108 130 120
109 130 120
109 130 119
110 130 119
108 129 119
106 130 119
106 130 119
108 130 119
110 130 119
110 130 119
110 130 119
110 130 119
110 130 119
109 130 119
107 130 119
106 130 119
108 130 119
109 130 119
110 130 119
109 130 119
108 130 118
181 126 143
181 126 143
180 126 142
178 126 141
178 127 140
178 127 139
178 127 139
178 127 140
178 126 141
179 127 141
180 127 141
181 126 142
183 127 142
186 126 143
186 126 143
186 126 143
184 125 143
183 125 142
181 125 141
181 125 140
182 126 140
182 126 140
182 125 141
182 126 141
182 125 143
183 125 143
189 124 145
192 124 146
194 123 146
196 123 147
198 123 148
200 122 148
202 122 148
205 122 148
124 133 112
122 133 113
120 134 113
118 134 114
115 134 115
112 134 116
108 134 116
104 134 117
101 135 118
97 134 119
95 135 119
93 135 121
92 136 121
91 136 122
90 137 123
88 137 124
87 137 125
85 137 125
84 138 126
82 138 127
80 139 127
79 139 129
78 139 130
77 140 131
76 140 133
76 141 133
75 141 134
75 141 135
76 141 135
76 141 135
76 141 134
77 141 134
77 141 134
77 140 134
77 140 133
77 140 133
77 140 132
77 140 132
77 140 132
76 140 132
76 140 132
76 139 132
76 140 131
154 135 131
150 136 132
146 137 133
144 137 133
144 137 133
145 137 133
147 137 133
151 136 133
154 136 133
157 136 133
159 136 133
161 135 133
162 135 133
163 135 133
164 135 133
165 135 133
165 135 133
165 135 133
166 135 133
166 135 133
167 135 133
167 135 133
168 134 133
168 134 133
169 134 133
169 134 133
170 134 133
170 134 133
170 134 133
170 134 133
171 134 133
171 134 133
171 134 133
171 134 133
171 134 133
172 134 133
172 134 133
174 134 133
175 133 133
176 133 133
178 133 133
180 133 133
122 129 123
123 129 123
124 129 122
124 129 122
125 129 122
124 129 122
124 129 123
124 129 123
123 129 123
121 129 123
120 129 122
119 129 122
119 129 122
119 129 122
119 129 122
119 129 123
120 129 123
121 128 123
123 128 123
124 128 123
125 129 123
126 128 123
128 128 123
129 128 123
131 128 123
133 128 123
134 128 123
135 128 123
136 128 123
136 128 123
136 128 123
135 128 123
135 128 123
134 128 123
178 121 129
178 121 129
177 121 130
177 121 129
177 121 130
177 121 130
177 121 130
178 121 130
178 121 130
178 121 130
178 121 130
178 121 130
178 121 130
178 121 130
178 121 130
178 121 130
178 121 130
177 121 130
177 121 130
177 121 130
176 121 130
176 121 130
175 121 130
174 121 130
173 121 129
228 121 139
228 121 139
226 121 139
226 121 139
225 121 139
225 121 139
224 121 139
224 121 140
222 121 140
221 120 141
221 120 141
221 119 143
221 119 144
221 118 146
221 117 148
221 117 150
211 118 146
198 121 140
165 122 130
170 119 134
220 117 150
158 125 128
154 124 128
150 124 128
146 124 128
143 124 128
140 124 128
138 123 127
136 123 126
135 123 126
135 123 125
135 123 125
134 122 125
136 122 125
139 122 125
142 122 125
144 122 125
145 122 125
144 122 125
141 122 125
138 123 125
137 123 125
138 122 126
140 123 126
205 128 139
205 127 139
206 127 139
206 127 139
206 127 139
207 127 139
207 128 139
207 127 140
207 127 140
208 128 139
209 128 139
209 128 139
209 128 139
210 128 139
211 127 139
210 128 139
210 128 139
209 128 139
208 128 139
206 128 139
204 128 139
202 128 139
200 128 139
198 128 140
198 129 140
194 120 125
185 119 120
179 117 116
163 119 117
154 120 118
145 121 119
142 121 119
138 121 119
136 122 119
137 122 119
138 121 119
138 122 119
140 122 119
141 122 119
142 122 119
142 122 120
141 122 119
141 121 118
140 121 118
140 121 118
139 121 118
182 131 138
179 132 137
179 131 138
183 131 137
184 131 137
185 131 137
186 131 138
186 131 137
184 131 137
179 132 137
177 132 137
178 131 137
179 131 137
180 131 137
181 131 137
181 131 137
181 131 137
182 131 137
182 131 137
182 131 137
184 130 138
213 100 151
213 100 154
215 102 155
216 103 157
217 105 158
219 107 159
220 110 157
216 113 155
213 115 153
211 118 151
213 119 148
215 120 146
215 120 147
213 119 149
214 118 151
215 118 151
216 117 150
217 116 149
218 116 149
218 116 147
218 115 145
219 113 144
171 108 135
174 108 136
178 107 138
178 107 138
178 107 139
178 108 141
182 107 146
185 106 148
190 106 151
191 105 153
191 105 153
190 105 153
190 105 153
190 105 153
190 105 152
190 105 152
190 105 152
191 105 153
192 105 153
193 105 153
193 105 153
118 109 134
118 109 134
118 108 134
117 108 135
115 108 135
115 108 135
117 108 135
117 108 135
118 108 135
118 108 135
118 108 135
117 108 135
118 108 135
119 108 135
120 108 135
119 108 135
119 108 135
118 108 135
117 108 135
115 108 135
115 108 135
115 108 135
116 108 135
117 108 135
117 108 135
98 132 123
97 132 123
97 132 123
96 132 123
96 132 123
96 132 124
97 132 124
97 132 124
97 132 123
97 132 124
97 132 124
97 132 124
97 132 123
97 132 123
97 132 124
97 132 124
97 132 124
97 132 124
97 132 124
96 132 124
96 132 123
96 132 124
97 132 124
98 132 124
98 132 124
159 122 126
159 121 126
157 121 126
155 121 126
153 122 126
148 122 126
146 122 126
146 122 126
147 122 126
148 122 126
150 122 126
152 122 126
154 122 125
155 122 125
155 122 125
155 122 125
155 122 125
155 122 126
156 122 126
157 122 126
156 122 127
153 123 128
179 135 133
178 135 133
178 135 133
178 135 133
177 135 133
174 134 133
172 134 133
170 134 132
168 133 132
166 133 132
163 133 132
160 133 131
156 133 131
152 133 131
148 133 130
146 132 129
143 131 128
138 131 126
133 130 125
132 128 124
137 125 121
144 132 113
131 132 104
119 132 97
118 132 91
124 132 93
153 130 105
179 129 113
207 129 121
231 128 128
245 127 131
249 126 132
248 126 131
243 126 130
236 126 130
231 126 128
228 126 127
226 127 127
225 128 126
223 129 125
221 130 123
218 131 122
216 132 121
213 132 120
210 133 119
208 134 117
206 135 117
206 136 116
207 136 116
208 136 115
209 137 115
210 137 115
208 138 114
204 139 112
220 127 130
220 126 130
221 126 130
223 126 130
226 126 129
227 126 129
229 126 129
230 126 129
231 126 129
232 126 129
233 126 129
233 126 129
233 126 129
234 126 129
234 126 129
235 126 129
235 126 129
236 126 129
236 126 129
237 126 128
238 126 128
238 126 128
239 126 128
239 126 128
239 126 128
239 126 128
239 126 128
240 126 128
239 126 128
238 126 127
237 126 127
237 126 127
236 126 127
234 126 127
233 126 126
150 119 116
146 119 116
144 119 116
144 119 116
146 120 117
149 120 117
153 119 117
154 119 118
153 120 118
152 121 119
151 121 120
151 122 120
151 123 121
152 123 122
153 123 122
154 123 122
155 123 122
155 122 122
153 122 122
154 122 122
154 122 121
156 121 121
153 121 120
153 121 121
154 121 121
155 121 122
154 122 122
153 122 122
153 121 122
151 121 121
153 121 121
154 121 121
155 121 121
157 121 122
155 121 121
154 121 121
154 121 121
154 120 121
153 120 121
154 120 121
156 119 121
159 119 121
161 119 122
161 119 121
159 118 121
158 118 120
158 119 120
157 119 120
157 119 119
158 119 120
160 119 120
151 119 121
158 119 120
157 118 120
159 118 120
160 118 120
160 117 120
159 117 120
158 118 120
157 118 120
156 118 120
154 119 120
152 119 120
98 132 125
96 132 126
91 132 126
90 132 126
91 132 126
91 132 126
92 132 125
92 132 125
92 132 126
93 132 126
99 132 126
97 132 126
92 132 126
92 132 126
95 132 127
93 132 127
93 132 126
92 132 126
93 132 126
94 132 125
93 132 125
91 132 125
91 132 125
92 132 125
94 132 125
96 132 125
99 132 126
97 132 125
95 132 126
92 132 126
90 132 125
91 132 125
90 132 125
90 133 125
89 132 126
92 132 126
96 132 125
96 132 125
165 134 135
177 133 134
191 133 134
194 132 133
188 132 134
176 133 134
169 134 134
161 134 135
167 134 135
176 133 135
185 133 134
194 133 134
193 133 134
182 133 134
171 133 134
162 134 135
162 134 135
171 134 135
179 133 134
180 133 134
168 134 135
160 134 135
154 134 135
154 134 134
158 134 134
167 134 134
175 133 134
175 133 133
74 128 135
67 128 135
63 128 135
60 128 135
60 128 135
61 128 135
63 128 135
68 128 135
74 128 135
77 128 135
74 128 135
73 128 135
74 128 135
74 128 135
74 128 135
73 128 136
73 128 135
74 128 136
76 128 136
78 128 136
78 128 136
78 128 136
77 128 136
76 128 136
74 128 136
73 128 136
75 128 136
77 128 136
78 128 136
78 128 136
78 128 135
78 128 135
146 84 147
146 84 147
146 84 147
146 84 147
146 84 147
146 84 148
146 84 148
146 84 148
146 84 148
146 84 148
146 84 148
146 83 148
146 83 148
146 83 148
145 83 148
145 83 148
145 83 148
145 83 148
145 83 148
145 83 149
145 83 148
145 83 148
146 83 149
146 83 148
146 83 149
146 83 148
146 83 149
146 83 148
146 83 148
146 83 148
146 83 149
146 83 149
145 83 149
145 83 149
145 83 149
145 83 149
145 83 149
145 82 149
145 83 149
145 83 149
145 83 149
145 83 149
140 123 113
140 122 113
139 122 113
139 122 113
140 123 113
140 122 113
140 122 113
139 122 113
140 123 112
139 122 113
139 122 112
140 122 112
140 122 112
139 122 112
139 122 112
139 122 112
139 122 112
139 122 112
139 122 112
138 122 112
138 122 112
137 122 112
137 122 111
136 122 111
136 122 112
137 122 112
138 122 112
138 122 112
138 122 112
138 122 112
138 122 112
138 122 111
138 122 111
138 121 112
138 122 111
138 121 111
138 121 111
138 121 111
138 121 111
137 121 112
138 121 111
138 121 111
138 121 111
139 121 111
139 121 111
140 121 112
140 121 111
140 121 111
140 121 111
140 121 112
140 121 111
140 121 111
140 121 111
140 121 111
140 121 111
140 121 111
140 121 111
139 121 111
139 121 111
139 121 111
140 121 111
139 121 111
140 121 111
139 121 111
139 121 111
139 121 111
139 121 111
139 121 111
139 122 111
139 121 111
139 121 111
138 121 111
138 122 111
138 121 111
138 122 111
138 122 111
138 122 111
138 122 111
139 122 111
139 122 111
139 122 111
139 122 112
139 122 112
140 122 112
140 122 112
141 122 112
141 122 113
142 122 113
142 122 113
143 122 113
143 122 113
144 122 113
144 123 113
144 122 114
145 122 114
146 122 114
147 122 113
148 122 114
149 122 114
150 122 114
151 122 114
151 122 114
151 125 115
152 125 115
154 122 114
154 122 114
155 122 114
156 121 115
156 122 115
157 121 115
158 121 115
158 121 115
159 121 115
159 121 116
160 121 116
160 121 116
160 122 116
159 121 116
159 121 116
159 122 116
160 122 116
160 121 116
160 122 116
160 121 117
160 122 117
159 122 117
160 122 117
159 122 117
160 122 117
159 122 117
159 122 118
159 122 118
159 122 118
158 122 118
159 122 118
159 122 118
160 122 119
159 122 119
161 122 119
160 123 119
160 123 119
159 123 119
160 123 120
159 123 120
161 123 120
159 123 120
162 123 120
160 123 120
162 123 120
160 123 120
162 123 120
159 123 121
161 123 121
158 123 121
161 124 121
157 124 121
160 124 121
156 124 121
159 124 121
155 124 121
158 124 122
154 124 122
158 124 122
154 124 122
159 124 122
154 124 122
159 124 122
154 124 122
161 124 122
156 124 122
162 124 122
156 124 123
162 125 123
156 125 124
161 125 124
155 125 125
161 125 125
155 125 125
161 126 126
155 125 126
162 126 126
157 126 127
165 126 127
160 126 127
167 126 127
163 126 127
170 126 128
166 126 128
173 126 128
168 126 128
175 126 129
170 126 129
177 126 129
172 126 129
180 126 129
175 126 129
182 126 129
177 126 129
185 127 129
180 126 129
187 127 129
182 127 129
189 127 130
185 127 130
192 127 130
200 127 131
223 126 132
234 127 134
237 127 134
234 127 134
237 127 134
234 127 134
236 127 134
234 127 134
236 127 134
233 127 134
236 127 134
233 127 134
236 127 134
234 127 134
236 127 134
234 127 134
236 127 134
234 127 134
236 127 134
234 127 134
236 127 134
234 127 134
236 127 134
235 127 134
237 127 134
235 127 134
237 127 134
235 127 134
237 127 134
235 127 134
237 127 134
235 127 134
237 127 134
235 127 134
237 127 134
236 127 134
237 127 134
236 127 134
237 127 134
236 127 134
237 127 134
236 127 134
237 127 135
236 127 134
237 127 134
236 127 134
237 127 134
236 127 134
237 127 135
236 127 134
237 127 134
237 127 134
240 127 134
240 127 134
243 127 133
244 127 132
246 127 132
247 127 132
248 127 131
249 127 131
251 127 130
252 127 130
253 127 129
254 127 129
255 127 128
256 128 128
256 128 128
256 128 128
256 128 128
256 128 128
256 128 128
256 128 128
256 128 128
256 128 128
256 128 128
256 128 128
256 128 128
256 128 128
256 128 128
256 128 128
256 128 128
256 128 128
256 128 128
256 128 128
256 128 128
256 128 128
256 128 128
256 128 128
256 128 128
256 128 128
256 128 128
256 128 128
256 128 128
256 128 128
256 128 128
256 128 128
256 128 128
256 128 128
256 128 128
256 128 128
256 128 128
256 128 128
256 128 128
256 128 128
256 128 128
256 128 128
256 128 128
256 128 128
256 128 128
256 128 128
256 128 128
256 128 128
256 128 128
256 128 128
256 128 128
256 128 128
256 128 128
256 128 128
256 128 128
256 128 128
256 128 128
256 128 128
256 128 128
256 128 128
256 128 128
256 128 128
256 128 128
256 128 128
256 128 128
256 128 128
256 128 128
256 128 128
256 128 128
256 128 128
256 128 128
256 128 128
256 128 128
256 128 128
256 128 128
256 128 128
256 128 128
256 128 128
256 128 128
256 128 128
256 128 128
256 128 128
256 128 128
256 128 128
256 128 128
256 128 128
256 128 128
256 128 128
256 128 128
256 128 128
256 128 128
256 128 128
256 128 128
256 128 128
256 128 128