256 128 128
256 128 128
254 128 128
253 128 128
252 126 129
251 127 129
249 127 129
247 128 129
245 127 130
243 128 129
240 127 131
238 128 131
236 128 131
235 128 131
232 128 132
229 128 132
226 128 133
224 129 133
222 129 134
219 129 134
217 129 135
215 129 135
213 129 136
211 130 136
207 130 137
205 131 137
203 131 137
202 130 137
202 131 137
202 131 137
202 131 137
202 131 138
200 131 138
200 131 138
200 131 138
200 131 139
200 131 139
200 131 139
200 131 139
199 131 139
199 131 139
199 131 140
199 131 140
198 131 140
199 131 140
198 131 140
198 131 140
198 131 140
198 132 140
197 131 140
196 131 140
196 131 141
196 132 140
195 132 141
194 132 140
193 132 141
193 133 140
193 133 141
194 133 141
194 133 141
194 133 141
193 133 141
193 133 141
191 132 141
190 133 141
188 133 141
187 133 140
186 132 141
182 131 140
175 131 140
170 131 139
173 131 140
172 131 140
172 131 140
173 131 140
177 131 139
176 131 139
175 131 139
177 131 139
179 131 139
172 131 139
164 131 138
161 131 138
236 125 128
235 125 128
235 125 128
234 125 128
233 125 128
233 125 129
232 125 129
231 125 129
231 125 129
230 125 129
230 125 129
229 126 129
229 126 129
229 125 130
228 125 130
228 125 130
229 126 130
229 126 131
229 126 131
229 126 132
230 127 132
230 126 133
231 127 133
231 127 134
231 128 134
231 128 135
231 129 135
230 129 135
230 130 135
230 129 136
229 130 136
229 130 136
229 130 136
228 130 137
228 130 137
228 130 137
228 130 137
226 130 138
225 130 138
225 130 138
224 130 138
223 130 138
221 130 139
221 130 139
220 130 140
219 130 140
218 130 140
217 131 140
216 131 140
215 132 140
215 131 140
214 132 140
213 132 141
213 132 140
211 132 142
211 132 141
210 132 142
209 133 142
209 132 142
209 132 142
208 132 143
208 133 143
207 132 143
207 133 143
206 133 143
206 133 143
205 133 144
203 132 145
201 132 146
200 132 147
200 132 147
200 132 147
200 132 147
201 132 147
202 131 147
204 131 147
205 130 147
207 130 147
207 130 147
256 128 128
256 128 128
256 128 128
256 128 128
256 128 128
256 128 128
256 128 128
256 128 128
255 128 128
254 127 128
254 127 128
254 127 127
254 127 127
253 127 127
253 127 127
253 127 127
253 127 127
252 127 127
252 127 127
252 127 127
252 127 127
252 127 127
251 126 127
250 126 127
250 127 127
250 127 127
250 126 127
250 126 127
249 126 127
249 126 127
248 126 127
248 126 126
248 126 126
247 126 126
247 126 126
247 126 126
246 125 126
246 125 126
245 125 126
245 125 126
245 125 126
244 125 126
244 125 126
244 125 126
243 125 125
243 125 125
243 125 125
242 125 125
241 125 125
241 125 125
241 125 125
240 124 125
240 124 125
240 124 125
240 125 125
239 124 125
239 124 125
239 124 125
238 124 125
238 124 125
238 124 125
237 124 125
237 124 125
236 124 125
236 124 124
235 124 125
236 124 124
235 124 124
234 124 124
234 123 124
233 123 124
233 123 124
233 123 124
233 123 124
232 123 124
232 123 124
231 123 124
231 123 124
230 123 124
229 123 124
229 123 124
228 123 124
227 123 124
227 123 123
226 122 123
225 122 123
224 122 123
223 123 122
223 122 123
223 122 123
223 122 123
223 122 123
223 122 123
222 121 123
223 122 123
223 122 122
223 122 122
223 122 122
223 122 122
223 122 122
223 122 122
222 121 122
222 122 122
222 122 122
222 122 122
221 121 122
221 122 122
221 122 122
221 122 122
220 121 122
220 122 122
220 122 122
220 122 122
220 122 122
220 122 122
220 122 122
220 122 121
219 122 122
219 122 121
219 122 121
219 122 121
219 122 121
219 122 121
171 119 116
170 119 116
170 119 116
170 119 116
170 119 115
170 119 116
170 119 116
169 119 116
170 119 115
169 119 116
169 119 116
169 119 116
170 119 115
169 119 116
169 119 116
169 119 116
169 119 116
169 119 116
169 119 116
169 119 116
169 119 116
169 119 116
169 119 116
169 119 116
169 119 116
170 119 116
169 119 116
169 119 116
169 119 116
169 119 115
169 119 116
169 119 116
169 119 116
169 119 115
169 119 116
169 119 115
169 119 116
169 119 115
169 119 116
169 119 116
169 119 116
169 119 115
169 119 116
169 119 116
169 119 116
169 119 116
169 119 116
169 119 116
169 119 116
169 119 116
169 119 116
169 119 116
169 119 116
169 119 116
169 119 116
169 119 116
169 119 116
169 119 116
169 119 116
169 119 117
169 119 117
169 119 117
169 119 116
169 119 117
169 119 117
169 119 117
169 119 116
168 119 117
169 119 117
168 119 117
169 119 117
168 119 117
168 119 117
168 119 117
169 120 117
168 120 117
168 119 117
168 119 117
167 119 117
168 120 117
167 119 117
167 119 117
166 119 117
166 119 117
166 119 117
165 119 117
165 119 117
165 120 117
164 119 117
164 119 117
163 120 117
162 120 117
161 120 117
160 120 117
159 120 117
158 120 117
157 120 117
156 120 117
156 120 117
154 120 117
153 120 117
152 120 117
138 123 121
138 123 121
139 123 121
138 122 121
137 122 121
138 122 121
143 123 121
144 122 121
145 122 122
147 123 122
149 123 122
149 123 123
149 123 124
149 124 124
150 124 125
152 124 126
154 123 126
154 124 126
153 124 126
151 124 126
150 124 126
148 124 126
146 125 126
146 125 126
145 124 126
145 125 125
144 125 125
143 125 125
142 125 125
142 125 124
142 125 124
142 124 124
142 124 124
143 124 123
143 124 123
143 124 122
144 124 122
144 124 121
143 123 120
143 123 119
141 123 118
138 124 117
137 123 117
135 123 116
134 123 115
133 123 114
132 123 114
131 123 114
130 123 113
130 124 113
130 123 114
131 124 114
132 124 114
133 124 114
132 124 114
133 125 114
133 125 114
133 125 114
132 124 114
132 124 113
132 124 113
132 124 113
132 124 113
132 124 113
133 124 112
132 123 112
132 123 112
132 123 112
133 123 111
133 123 112
135 123 112
71 123 121
73 123 121
74 123 121
76 123 121
78 123 121
79 122 121
81 123 121
83 123 121
84 123 121
86 122 121
87 123 120
88 122 120
89 123 120
90 122 120
91 122 120
92 122 120
93 122 120
94 122 120
94 122 120
95 122 120
96 122 120
96 122 120
97 122 120
98 122 119
98 122 119
98 122 119
99 122 119
99 122 119
100 122 119
100 122 119
100 122 119
99 122 119
99 122 119
98 122 119
52 120 131
49 121 132
47 123 132
45 124 132
44 125 132
44 125 132
44 125 131
44 125 131
45 125 131
45 125 132
45 125 131
46 125 131
45 125 131
45 125 131
45 124 130
45 124 129
44 123 129
45 124 130
46 124 130
50 124 130
52 123 130
53 123 130
53 123 130
53 122 129
53 122 129
53 122 128
52 122 128
52 122 127
52 122 128
51 123 129
50 123 130
50 124 130
50 124 130
51 124 129
51 123 129
51 123 129
51 123 129
51 123 129
64 120 116
64 120 116
65 120 116
65 120 116
65 120 116
65 120 116
65 121 116
65 121 116
65 121 116
65 121 116
65 121 116
65 121 116
65 121 116
65 120 116
65 121 116
65 121 116
65 121 116
65 121 116
64 121 116
64 121 116
64 121 116
63 121 116
63 121 116
62 121 116
62 121 116
61 121 116
61 121 116
60 121 116
60 121 116
60 121 116
60 121 116
59 121 116
59 121 116
199 128 126
199 128 126
199 128 126
198 128 126
198 128 126
197 128 126
197 128 126
197 128 126
196 127 126
196 127 126
196 127 126
195 127 126
195 127 126
194 127 126
194 127 126
193 127 126
193 127 126
193 127 126
192 127 126
191 127 126
191 127 125
190 127 126
189 127 125
188 127 125
188 127 125
187 127 125
187 127 125
186 127 125
187 127 125
187 127 125
187 127 125
188 127 125
188 127 125
188 127 125
188 127 125
188 127 125
188 127 125
188 127 125
188 127 125
122 113 115
122 113 115
122 113 116
122 113 116
122 113 116
122 113 116
122 113 116
122 112 116
123 112 116
123 112 116
123 112 116
123 111 116
123 112 116
122 111 116
121 111 116
121 111 116
122 111 116
120 110 116
119 110 115
118 110 115
118 110 115
117 109 115
116 109 115
115 109 115
115 108 115
114 108 115
114 108 115
115 109 115
115 109 115
117 110 115
117 110 116
118 110 116
119 110 116
121 111 116
122 111 117
124 111 117
126 112 117
128 112 117
129 113 118
131 114 118
132 115 118
131 115 118
129 115 118
126 114 117
123 113 117
118 113 115
113 112 114
110 112 113
110 113 113
108 114 113
75 123 98
72 123 100
70 123 102
70 123 102
71 123 100
75 122 99
84 122 100
92 122 104
88 124 109
79 126 113
75 127 115
73 126 114
73 126 114
72 126 113
73 125 112
74 125 111
77 125 109
79 124 107
80 124 105
81 124 104
81 124 104
80 124 104
80 124 105
80 125 106
135 123 119
135 123 119
133 123 119
132 123 119
131 123 119
131 123 119
131 123 119
132 123 119
132 123 118
132 123 118
132 123 118
131 123 118
129 123 117
129 123 117
128 123 117
124 124 117
74 126 119
74 126 119
74 126 120
75 127 120
74 127 120
73 127 121
73 127 121
73 127 121
73 127 121
73 127 122
73 127 122
73 128 122
73 128 123
73 128 123
73 128 123
72 127 124
72 127 124
62 121 86
62 120 86
62 120 86
62 120 86
62 121 86
62 120 86
62 120 86
62 121 86
62 121 85
62 121 85
61 120 85
61 120 85
62 121 85
61 120 85
61 120 85
61 120 85
62 121 85
62 120 85
62 120 85
62 120 85
67 123 115
66 123 115
66 123 115
66 123 115
66 123 114
65 123 115
65 123 114
65 123 114
65 123 114
64 122 114
64 122 114
64 122 114
64 123 114
63 122 114
62 123 114
62 123 113
62 123 113
61 122 114
61 123 113
60 123 113
60 123 113
60 123 113
59 123 113
59 122 114
59 123 113
58 122 114
58 123 114
57 123 114
124 127 127
123 127 127
123 127 127
123 127 127
123 127 127
124 127 127
124 127 127
124 126 127
124 127 127
124 126 127
124 126 127
124 126 127
125 126 127
124 126 127
125 126 127
124 126 127
125 126 127
124 126 127
124 126 127
124 126 127
123 126 127
123 126 127
123 126 127
123 126 127
123 126 127
123 126 127
123 126 127
123 126 127
123 126 127
123 126 127
123 126 127
123 126 127
123 126 127
123 126 127
123 126 127
123 126 127
123 126 127
123 126 127
123 126 127
123 126 127
123 126 127
123 126 127
123 126 127
85 132 122
90 133 124
96 135 126
102 136 128
108 138 130
114 139 133
121 141 135
127 143 137
134 144 139
140 145 141
145 145 143
147 145 144
147 145 145
145 146 146
143 147 146
139 147 146
137 148 146
133 149 146
130 150 145
128 150 145
126 151 145
124 152 145
122 152 144
121 153 144
119 153 144
119 153 144
119 153 144
119 153 144
119 153 144
119 153 144
119 153 145
119 153 144
119 153 145
119 153 145
120 152 145
120 152 145
120 152 145
120 152 145
78 125 123
81 125 123
84 124 122
95 123 121
105 121 120
115 119 119
120 118 118
121 117 117
118 117 117
112 118 117
111 119 117
105 120 118
101 120 118
102 120 118
102 120 118
103 120 118
106 120 118
108 120 118
111 119 117
114 119 117
117 118 117
118 118 116
121 118 116
126 117 116
129 117 116
133 117 116
137 116 116
140 116 116
144 116 115
148 116 115
150 117 116
153 117 117
156 117 117
158 117 118
162 117 118
163 117 118
162 118 118
163 117 118
163 117 118
164 117 118
164 117 118
167 117 118
169 117 119
169 117 119
167 118 120
164 119 120
162 119 121
159 119 121
160 119 121
163 119 121
167 120 121
171 120 121
175 119 122
177 119 121
177 119 121
178 119 121
177 119 121
177 119 121
177 119 121
178 119 122
178 119 122
180 119 122
181 119 122
181 119 122
180 119 122
177 119 122
174 120 123
171 120 123
167 121 123
102 124 119
98 124 119
95 124 119
94 124 119
93 124 120
94 124 120
97 124 121
100 124 122
101 124 122
102 124 123
101 124 123
100 124 123
97 124 123
97 123 124
96 123 124
92 123 124
91 123 124
90 123 124
85 123 124
80 123 124
61 124 125
60 124 125
60 124 125
60 124 125
60 124 125
60 124 125
60 124 125
60 124 125
60 124 125
59 124 125
59 124 125
59 124 125
60 124 125
59 124 125
59 124 125
59 124 125
59 124 125
59 124 125
59 124 125
59 124 125
59 124 125
59 124 125
59 124 125
59 124 125
59 124 125
59 124 125
59 124 125
59 124 125
59 124 125
59 124 125
59 124 125
59 124 125
59 124 125
59 124 125
59 124 125
59 124 125
71 128 130
73 128 130
75 128 130
81 128 130
85 127 132
86 128 132
84 128 131
81 128 131
80 128 131
77 128 131
74 127 130
71 127 130
71 127 130
72 127 130
72 127 130
72 127 130
82 127 131
86 127 132
85 127 132
83 127 131
79 127 130
76 127 130
71 127 129
66 127 128
64 127 128
63 127 128
60 127 128
59 127 128
59 127 128
66 127 128
78 127 130
85 127 131
90 128 132
90 128 132
85 128 131
82 128 131
78 128 131
76 128 131
72 127 131
70 127 130
69 127 130
67 127 130
66 127 130
66 127 129
65 126 130
62 127 129
58 126 129
56 127 128
58 127 129
60 127 129
61 127 129
62 127 129
61 127 129
57 127 128
57 127 128
57 127 128
64 126 129
69 126 130
77 126 131
80 127 131
83 127 132
84 127 132
85 127 132
84 127 132
83 127 132
79 127 131
75 126 130
71 127 130
66 127 129
69 127 129
77 127 130
80 127 131
229 122 123
228 122 123
228 122 123
228 122 123
228 122 123
228 122 123
228 122 123
228 122 123
228 122 123
228 122 123
228 122 123
228 122 123
228 122 123
227 122 123
227 122 123
227 122 123
227 122 123
227 121 123
227 122 123
227 121 123
227 122 122
226 121 123
226 121 122
226 121 123
226 122 122
226 121 122
226 121 122
226 121 122
226 121 122
226 121 122
225 121 122
225 121 122
225 121 122
225 121 122
225 121 122
225 121 122
146 123 119
144 123 119
142 123 119
140 123 119
138 123 119
136 123 119
135 123 119
135 123 119
135 123 119
136 123 119
137 123 119
137 123 119
138 123 119
139 124 119
141 124 119
142 124 119
142 124 119
142 124 119
143 124 119
141 124 119
141 124 119
152 122 122
151 122 122
149 122 123
147 122 123
146 122 123
145 122 124
144 123 123
143 123 124
142 123 124
142 123 124
142 123 124
141 123 125
140 123 125
139 123 125
139 123 125
138 122 125
137 123 125
138 123 125
138 123 124
137 122 125
136 122 125
136 122 125
135 122 124
135 122 124
134 122 124
133 122 124
131 122 124
130 122 124
129 122 124
128 122 124
128 122 123
126 122 124
126 122 123
126 122 124
125 122 124
125 121 124
125 121 124
126 122 123
115 129 149
116 130 149
115 130 149
114 129 149
114 129 149
114 129 149
114 129 149
115 129 149
115 129 149
116 129 149
117 129 149
118 129 150
119 129 150
120 129 150
122 130 150
123 129 151
124 130 151
125 130 151
126 131 150
127 130 151
128 130 151
129 130 151
130 131 151
131 130 152
132 130 152
133 130 152
134 130 152
134 131 152
137 131 153
137 131 153
139 130 154
140 131 154
142 130 154
142 131 154
145 131 155
146 131 155
150 131 156
152 132 156
154 133 156
156 135 155
158 137 155
160 137 154
163 137 154
166 136 154
167 136 154
170 136 153
173 136 152
175 136 152
178 136 151
179 136 151
185 135 150
186 135 150
186 135 149
187 135 149
185 133 150
182 132 150
179 131 149
176 130 149
175 129 149
172 128 149
172 127 148
174 125 147
176 125 147
178 125 146
180 125 146
183 125 145
186 125 145
187 124 144
189 124 144
191 124 143
193 124 143
195 124 143
198 124 142
200 124 142
201 124 141
202 123 142
202 123 141
200 123 141
200 123 141
200 123 141
200 123 142
200 123 141
200 123 141
201 123 141
201 123 141
201 123 141
201 123 141
201 123 141
201 123 142
202 123 141
205 123 141
207 123 141
209 123 141
211 123 141
213 123 140
213 123 140
213 123 140
213 123 140
212 123 140
211 123 140
210 123 140
209 123 140
208 123 139
206 123 140
204 124 139
201 123 140
199 124 140
195 124 140
193 124 140
191 124 141
190 124 141
190 124 141
189 124 141
189 123 142
190 123 141
189 124 141
189 124 141
188 124 141
188 123 142
189 123 142
191 123 141
192 123 142
168 124 153
167 124 152
168 125 151
171 125 151
176 125 152
171 125 152
168 125 150
165 125 149
168 125 150
171 125 150
155 126 148
159 126 148
166 126 150
167 126 150
169 126 151
187 126 154
194 126 155
197 125 156
197 125 156
197 125 156
197 125 156
194 125 156
192 125 156
191 126 156
190 126 156
190 126 156
190 126 156
189 126 156
190 126 156
189 126 156
189 126 156
188 126 156
188 126 157
188 126 157
187 125 157
179 126 153
150 126 145
111 126 135
66 124 130
39 124 129
39 128 128
41 128 128
96 126 127
124 126 128
125 126 128
125 126 128
122 126 128
121 126 127
118 126 128
117 126 128
115 126 128
114 126 127
112 126 128
112 126 128
111 126 128
110 126 127
109 126 127
108 126 127
108 126 127
107 126 127
106 126 127
105 126 127
105 126 127
104 126 127
104 126 127
103 126 127
102 126 127
102 126 127
102 126 127
83 122 99
83 122 99
83 122 99
82 122 99
82 122 99
82 122 99
82 122 99
82 122 99
82 122 99
82 122 99
82 122 99
82 122 99
82 122 99
83 122 100
83 122 100
84 122 100
84 122 100
84 121 100
85 121 100
85 121 100
85 121 100
107 124 120
105 124 120
104 124 120
104 124 120
103 124 120
102 124 120
102 124 119
101 124 119
100 124 119
100 124 119
100 124 119
99 124 119
98 124 119
97 124 119
98 124 119
97 124 119
96 124 118
141 124 125
145 124 125
146 123 125
147 124 125
147 124 125
147 124 125
147 124 125
147 124 125
146 124 125
147 124 125
148 124 125
148 124 125
149 124 125
149 124 125
148 124 125
148 124 125
147 124 125
146 124 126
145 124 126
145 124 126
146 125 125
146 124 126
145 125 126
144 125 126
144 125 125
152 125 124
152 125 124
152 125 125
153 125 124
153 125 124
155 126 124
155 126 124
157 125 124
158 126 123
159 125 124
160 126 123
160 125 124
160 126 123
94 131 130
94 131 129
94 131 129
98 131 129
113 132 130
113 131 130
116 131 130
145 126 132
129 128 129
143 126 126
162 130 130
179 128 129
187 127 130
197 129 132
197 129 132
190 127 132
181 126 131
172 124 129
162 122 127
157 120 125
155 118 124
159 117 123
161 116 122
165 115 120
169 114 119
98 113 107
98 113 106
98 113 106
100 112 105
98 112 105
97 113 106
91 113 106
96 113 106
96 114 106
85 117 107
81 118 108
80 118 108
82 117 107
82 117 106
86 116 106
88 116 104
83 118 104
82 119 104
81 119 104
79 120 104
81 120 103
82 120 103
82 120 103
82 120 103
82 119 103
79 119 102
80 119 101
81 119 99
90 119 101
98 121 108
105 120 113
112 119 111
109 118 105
105 117 100
96 118 99
96 118 99
93 118 98
89 118 98
88 118 100
90 118 102
91 118 103
94 117 103
103 118 105
119 118 110
124 118 112
148 120 121
150 120 121
145 120 120
143 120 120
142 119 120
142 119 120
147 120 121
149 120 121
146 120 121
154 121 123
165 122 124
175 124 126
165 123 123
153 121 122
146 120 121
141 119 121
141 119 120
141 119 120
141 119 120
141 119 120
141 119 120
141 119 120
142 119 120
142 119 120
143 119 119
143 119 119
143 118 119
144 118 119
145 119 119
147 118 118
147 118 118
147 118 118
148 118 118
148 118 118
147 117 118
148 117 117
147 117 117
147 117 117
146 117 117
188 130 120
188 130 120
188 130 120
188 130 120
189 130 120
188 130 120
188 130 120
188 130 120
188 130 120
188 130 120
188 130 120
188 130 120
189 130 120
188 130 120
188 130 120
189 130 120
189 130 120
188 130 120
188 130 120
188 130 120
189 130 120
188 130 120
188 130 120
188 130 120
199 127 132
197 127 132
195 127 132
193 127 132
193 127 132
192 127 132
192 127 132
191 127 132
189 127 132
188 127 132
186 127 132
187 127 132
185 127 132
185 127 132
185 128 131
185 127 131
185 127 131
185 127 131
186 127 131
186 127 131
186 127 131
186 127 131
187 127 131
187 127 131
186 127 131
187 127 131
185 127 131
184 127 131
183 127 131
182 127 131
180 127 131
180 127 131
180 127 131
179 127 131
180 127 131
180 127 131
182 127 131
181 127 131
185 127 131
185 127 131
186 127 131
184 127 131
185 127 131
186 127 131
190 128 130
188 128 130
188 128 130
187 127 131
191 127 131
193 128 130
190 128 130
189 128 131
191 128 131
193 127 131
194 128 130
193 128 131
192 128 130
193 128 131
193 128 130
193 128 130
192 128 130
190 128 130
187 128 130
188 128 130
189 128 129
189 128 129
188 128 130
188 128 130
189 128 130
189 128 131
190 128 130
190 128 130
190 128 130
191 128 130
192 128 130
192 128 130
193 128 130
192 128 130
191 128 130
191 128 130
230 130 138
229 130 138
229 130 138
229 130 138
230 130 138
229 130 138
229 130 138
229 130 138
230 130 138
229 130 138
229 130 138
229 130 138
229 130 138
228 130 138
229 130 138
229 130 138
229 130 138
229 130 138
228 130 138
229 130 138
228 130 138
228 130 138
228 130 138
229 130 138
229 129 138
229 129 138
228 129 138
228 129 138
228 129 138
228 130 138
228 129 138
228 129 138
228 129 137
228 130 137
228 129 138
228 130 137
228 130 137
228 130 137
228 130 137
228 130 137
228 130 137
228 130 137
228 129 137
228 130 137
228 129 137
228 130 137
228 129 137
228 130 137
228 130 137
228 130 137
228 130 137
228 129 137
228 129 137
228 129 137
228 130 137
228 129 137
228 129 137
228 129 137
228 129 137
228 129 137
228 129 137
228 129 137
228 130 137
228 129 137
228 129 137
228 129 137
228 130 137
227 129 137
227 129 137
227 129 137
228 130 137
227 129 137
227 129 137
227 129 137
228 130 137
228 130 137
227 129 137
227 129 137
227 129 137
228 129 137
227 129 137
227 129 137
227 129 137
227 129 137
227 129 137
227 129 137
227 129 137
227 129 137
227 129 137
227 129 137
227 129 137
247 126 130
246 126 130
245 126 130
243 126 130
241 127 130
238 127 131
236 127 131
234 127 131
231 127 132
230 127 132
228 127 133
226 127 133
225 127 134
223 126 135
221 126 135
219 125 136
218 125 136
217 125 137
215 124 137
214 124 136
213 124 136
212 123 137
211 123 136
210 123 136
209 124 135
209 124 135
208 123 135
208 123 135
208 123 135
208 124 134
208 123 134
209 124 134
209 123 134
209 124 133
209 123 134
210 123 133
211 123 133
214 123 133
216 123 133
218 123 133
221 123 132
224 123 132
226 123 132
230 123 132
233 123 132
236 123 132
238 123 132
238 123 132
239 123 131
239 123 131
239 123 131
239 123 131
240 123 130
239 123 130
240 123 130
239 123 130
239 123 129
239 123 129
239 123 129
238 123 129
238 123 128
238 122 128
237 123 128
237 122 128
237 123 128
237 122 128
236 123 127
236 122 128
236 123 127
236 123 127
235 123 127
235 123 127
235 123 127
234 123 127
234 123 126
234 123 126
233 122 127
232 122 127
231 122 127
231 122 127
230 122 128
231 122 129
231 122 129
232 122 129
231 122 130
232 122 130
232 122 131
233 122 131
233 122 131
234 122 131
235 122 131
235 122 131
235 122 131
235 122 131
235 122 131
235 122 131
235 122 131
236 122 131
236 122 131
236 122 131
236 122 131
237 122 131
237 122 131
238 122 130
238 122 131
239 122 130
239 122 130
240 123 130
240 123 130
240 123 130
240 123 130
240 123 130
240 123 131
239 123 131
239 123 131
239 122 132
238 122 132
237 122 133
236 122 134
234 121 134
233 121 135
232 121 136
231 121 137
228 121 138
226 120 139
225 120 139
223 120 140
162 124 146
162 124 146
162 124 146
161 124 146
161 124 146
161 124 146
160 124 146
160 124 147
161 124 146
162 124 146
163 124 146
163 124 146
163 124 146
163 124 146
163 124 146
162 124 146
161 124 146
159 124 146
158 124 146
159 124 146
160 124 146
160 124 146
160 124 146
161 124 146
161 124 146
162 124 146
162 124 146
162 124 146
162 124 146
162 124 146
162 124 147
161 124 147
160 124 147
157 124 147
156 124 148
156 124 148
158 124 148
161 124 148
163 124 149
165 124 149
166 125 149
168 125 149
168 125 149
168 125 149
167 125 150
166 125 150
165 125 150
164 124 151
163 124 151
164 125 151
164 124 151
164 125 150
164 125 151
164 124 150
164 125 150
165 125 150
166 125 149
168 125 149
168 125 148
170 125 148
171 125 148
171 125 148
170 125 148
169 125 147
169 125 147
169 124 147
169 125 147
170 125 147
169 125 147
103 126 148
103 126 149
105 125 149
107 126 150
107 125 150
109 126 150
111 126 151
112 126 151
113 126 151
114 126 151
114 126 152
115 126 152
115 126 153
114 127 153
106 126 152
107 126 152
109 126 153
109 126 153
110 126 153
112 126 153
113 126 154
114 126 154
115 126 154
117 126 154
120 126 155
122 127 155
125 127 156
126 127 156
128 127 156
129 127 156
130 127 156
130 127 156
131 128 156
131 127 156
132 126 156
132 126 156
132 126 156
130 125 156
127 125 155
124 125 154
120 126 153
85 130 139
85 130 139
86 130 139
85 130 139
85 130 140
85 130 140
86 130 139
85 130 140
85 130 139
84 130 139
84 131 139
83 130 139
83 130 139
83 130 139
84 131 139
82 130 139
82 130 139
81 130 139
81 131 139
81 130 139
81 130 139
81 130 139
82 130 139
83 130 139
82 130 139
84 130 139
83 130 139
83 130 139
83 130 139
84 130 139
84 130 139
84 130 139
85 130 139
85 130 138
87 130 139
89 130 139
88 130 139
89 130 139
183 123 115
183 123 115
184 123 115
183 123 115
184 123 115
183 123 115
183 123 115
182 123 115
183 123 115
183 123 115
183 123 115
183 123 115
183 123 115
183 123 115
184 123 115
184 122 115
184 123 115
184 122 115
185 123 114
185 122 115
185 122 115
185 122 114
186 122 114
186 122 114
187 123 114
188 123 113
197 124 115
209 125 120
218 125 123
225 126 126
197 123 116
190 123 113
189 123 112
188 123 112
189 123 112
189 123 112
188 123 111
188 123 112
191 123 112
201 123 115
218 124 123
198 123 114
198 123 113
201 122 115
206 123 117
201 122 116
195 122 115
186 122 115
179 123 114
183 122 115
169 122 113
169 122 113
171 122 114
180 123 116
198 123 120
222 124 129
221 124 129
220 124 129
205 124 126
157 122 114
141 122 112
149 122 112
215 123 124
223 124 127
222 124 128
221 124 128
219 123 129
218 123 129
218 123 129
68 129 135
68 129 135
68 129 135
67 129 135
66 129 135
66 129 135
67 129 136
67 129 136
66 129 136
67 129 136
69 129 137
72 130 137
74 129 138
75 130 138
74 130 138
76 130 138
78 130 139
81 130 140
173 127 137
173 127 137
172 127 137
172 127 138
171 127 138
171 127 138
168 127 138
168 127 138
167 127 138
166 128 138
165 127 138
164 127 138
162 127 139
162 128 139
162 127 139
162 128 139
163 128 139
163 128 139
164 128 139
165 128 139
166 127 138
168 128 138
169 127 138
170 127 138
172 127 138
173 128 137
173 128 137
172 127 137
172 128 137
171 127 137
171 127 137
171 127 137
170 127 137
169 127 137
168 128 137
168 127 137
168 127 137
169 127 137
170 127 137
170 127 137
171 128 136
171 127 136
171 128 136
171 127 137
172 127 137
173 127 137
174 127 137
175 127 137
176 128 136
176 128 137
175 128 136
176 128 137
179 129 138
177 128 138
178 129 138
180 129 138
185 129 138
187 129 138
186 129 138
185 129 138
217 125 126
217 125 126
217 125 126
217 124 126
217 124 126
217 124 126
217 125 126
217 124 126
217 124 126
217 124 126
218 124 126
217 124 126
218 125 126
217 124 126
218 125 126
217 124 126
217 124 126
216 124 127
216 125 126
216 124 127
216 125 126
215 124 127
216 125 126
215 124 127
215 124 127
215 124 127
216 125 126
215 124 127
215 124 126
214 124 127
215 125 126
214 124 126
214 125 126
214 124 126
219 125 126
219 124 126
219 125 126
232 127 133
232 127 133
232 127 133
233 127 133
233 127 132
233 127 132
233 127 132
234 128 131
234 127 132
234 127 132
234 127 132
234 127 132
234 127 132
234 127 132
234 127 132
234 127 132
234 127 132
234 127 132
234 127 132
234 127 132
233 127 132
231 126 133
231 126 133
229 126 133
231 126 133
230 126 132
229 126 133
229 126 132
230 128 131
248 126 134
248 126 134
248 126 133
248 126 133
248 127 132
248 127 133
248 127 133
248 126 133
248 126 132
248 127 133
248 127 133
248 127 133
247 127 133
247 127 133
247 127 133
247 127 133
247 127 133
247 127 133
247 127 133
247 127 133
247 127 133
247 127 134
247 127 134
247 126 134
247 127 133
246 128 133
246 128 133
246 128 133
246 128 133
246 128 133
246 127 133
246 126 133
246 126 133
246 126 133
247 127 133
247 127 133
246 127 133
247 127 133
247 127 133
247 127 133
246 127 133
246 127 133
246 127 133
246 127 133
246 127 133
246 127 133
246 127 134
247 127 133
247 127 133
246 128 133
247 128 133
247 128 133
247 128 133
247 128 133
247 128 133
247 128 133
247 128 133
247 128 133
247 128 133
247 128 133
245 127 135
246 127 134
246 127 133
246 127 133
246 128 133
246 128 133
246 128 133
246 128 133
246 128 133
246 128 133
246 128 133
247 128 133
247 128 133
247 128 133
247 128 133
247 128 133
159 136 131
158 136 132
159 136 131
160 136 131
160 136 132
159 136 132
160 136 132
162 136 132
167 136 132
170 135 132
176 135 131
178 134 131
182 134 131
182 134 130
182 135 130
181 134 130
178 134 130
176 134 130
174 134 130
172 134 130
172 134 130
175 134 130
176 134 130
178 134 130
178 134 130
177 134 131
176 134 131
174 134 131
171 134 131
171 135 131
171 135 131
172 134 131
172 134 131
173 135 131
172 134 132
168 135 132
165 135 132
160 136 133
157 136 133
152 137 134
148 137 134
146 137 134
143 137 135
134 138 135
129 138 135
121 139 136
118 139 136
111 140 137
107 140 137
103 141 138
103 141 138
104 141 138
105 141 138
206 134 131
205 134 131
205 134 131
205 134 131
205 134 131
204 134 131
205 134 131
204 134 131
204 134 131
205 134 131
205 134 131
205 134 131
205 134 131
205 134 131
204 134 131
204 134 131
204 134 131
204 134 131
204 134 132
203 134 132
204 134 132
147 132 145
138 138 142
206 134 132
208 134 131
206 134 131
167 98 114
152 102 119
206 128 123
171 117 115
145 111 112
142 117 119
140 120 122
140 120 124
140 121 124
139 122 124
139 122 123
142 122 123
143 122 123
144 122 123
146 122 123
147 122 123
147 122 123
150 123 123
151 122 124
153 123 124
154 123 125
156 124 125
158 123 125
160 124 125
162 124 126
165 125 126
167 125 127
170 125 127
173 125 127
175 126 127
179 126 128
184 127 128
186 127 129
189 127 129
191 127 129
193 128 129
193 128 129
194 128 129
194 128 129
194 128 129
194 128 129
194 128 129
194 128 129
194 128 128
192 127 128
191 127 128
191 127 128
190 127 127
190 127 127
191 127 127
191 127 127
191 127 127
191 127 127
191 127 127
190 127 126
189 127 127
189 127 126
189 127 127
189 127 126
188 127 126
187 127 126
187 127 126
187 127 126
187 127 126
187 127 126
187 127 126
187 127 126
176 120 111
176 120 110
176 120 111
176 120 110
176 120 110
177 120 110
177 120 110
177 120 110
178 120 110
178 120 110
178 120 110
179 120 110
179 120 111
180 120 111
180 120 111
181 120 111
182 120 112
183 120 112
183 120 112
183 120 112
183 120 112
183 120 112
183 120 112
184 120 112
184 121 112
184 121 113
184 121 113
184 122 113
184 121 113
184 122 114
184 122 114
185 123 114
184 123 115
185 123 115
184 123 116
201 128 138
201 128 138
203 128 138
205 128 139
205 128 139
206 128 139
207 128 139
207 128 139
207 128 139
206 128 139
207 129 139
206 129 139
207 129 139
206 129 140
206 129 139
206 129 139
206 129 139
205 129 139
205 129 140
205 129 140
205 129 140
204 129 140
203 130 140
202 129 140
202 130 140
201 129 141
200 129 141
198 129 141
198 129 141
198 129 142
197 129 142
197 129 142
198 129 141
197 129 142
197 129 142
197 129 142
101 128 139
99 128 138
96 128 138
93 128 138
90 128 138
88 128 137
87 128 137
85 128 137
83 128 137
82 128 137
81 128 137
79 128 137
78 128 137
75 128 136
73 128 136
71 128 136
70 129 136
69 129 136
67 128 136
65 128 136
63 128 136
63 128 136
60 128 135
59 128 135
59 128 135
58 128 135
57 128 135
56 128 135
56 128 135
57 128 135
62 129 136
76 129 138
85 129 139
89 130 139
82 129 139
85 129 139
199 133 135
198 133 135
194 132 135
192 132 135
191 132 134
189 131 134
187 131 134
185 131 134
184 131 133
182 131 133
180 131 133
178 130 132
177 130 132
175 130 131
174 129 131
171 129 131
171 129 130
168 129 130
167 129 130
164 129 129
163 129 129
160 129 128
156 128 128
152 128 127
147 128 125
136 128 124
124 127 123
113 128 122
102 127 121
92 127 120
82 127 120
73 127 119
60 126 119
48 127 118
35 127 118
21 127 117
2 130 120
39 127 117
80 127 119
115 128 122
122 128 124
157 129 126
170 130 128
171 130 128
153 130 129
163 131 130
145 130 129
148 130 129
129 130 129
162 131 130
179 131 131
189 130 130
188 130 130
188 130 130
187 129 130
185 129 130
183 129 130
182 129 129
181 128 130
181 128 130
181 128 130
182 128 129
182 128 130
182 128 130
182 128 129
182 128 130
182 128 130
181 128 130
182 128 129
181 128 130
180 128 130
179 128 130
179 128 129
179 128 130
179 128 130
180 128 130
179 129 129
179 129 129
179 128 130
178 129 129
178 128 129
178 129 129
178 129 129
178 129 129
176 128 129
176 128 129
176 128 129
175 128 129
173 128 129
172 128 129
170 128 129
169 128 129
168 128 129
168 128 129
167 128 129
167 128 129
167 128 129
167 128 129
167 128 129
167 128 129
166 128 129
165 128 129
166 129 128
164 128 128
163 128 128
162 128 128
162 128 128
161 128 129
160 128 129
160 128 129
160 128 129
160 128 129
160 128 129
160 128 129
160 128 129
120 124 125
118 124 125
117 124 124
117 124 124
117 124 124
117 124 124
117 125 123
116 125 123
116 125 123
115 126 123
115 125 122
113 125 122
113 125 122
112 125 122
112 124 122
112 125 121
111 125 121
110 125 121
109 125 121
109 127 122
109 128 121
109 129 122
109 131 122
108 130 123
107 130 123
105 130 123
103 130 123
103 130 123
101 129 123
100 129 122
100 128 122
101 128 122
102 127 122
103 127 121
103 126 121
104 125 121
104 124 121
104 125 120
104 124 120
104 124 120
103 123 120
102 123 120
102 123 120
102 123 119
101 123 119
101 123 119
101 123 119
101 123 119
101 122 118
100 121 118
100 121 116
193 126 113
182 127 115
180 132 125
180 132 125
181 132 125
181 132 125
181 132 125
181 132 125
181 132 125
181 132 125
181 132 125
180 132 124
180 131 124
180 131 124
180 131 124
180 131 124
180 131 124
180 131 124
180 131 124
180 131 124
179 130 124
179 129 124
179 130 123
179 129 123
179 129 122
179 129 122
181 129 122
129 116 102
124 116 102
128 117 103
139 118 104
141 118 105
148 118 106
155 118 107
159 119 108
160 119 109
156 119 108
147 119 108
140 119 107
143 119 107
147 119 107
144 119 107
140 119 107
139 120 107
138 120 108
139 120 108
136 121 108
135 121 108
131 120 108
135 120 109
133 120 108
119 118 105
122 118 105
128 118 106
128 118 106
125 117 105
124 117 104
127 116 104
137 117 105
148 118 106
145 118 105
144 118 105
142 118 105
133 116 103
126 114 102
124 113 101
121 113 99
119 113 100
124 114 101
124 114 102
138 116 104
136 115 103
127 113 102
134 116 103
136 116 103
134 116 103
133 117 103
131 115 102
135 117 104
138 118 105
139 118 105
138 118 106
139 118 106
138 118 106
139 119 105
141 118 105
141 118 105
142 118 105
141 119 105
141 118 106
140 119 106
139 119 106
140 119 106
139 120 107
138 121 108
136 122 109
136 124 110
136 125 111
135 127 111
135 127 112
136 129 113
135 130 114
137 131 114
134 131 115
135 132 115
136 133 115
137 133 115
137 133 115
136 133 115
135 133 115
133 132 116
130 132 117
134 133 116
132 132 116
131 132 117
134 131 116
134 131 116
135 131 115
134 130 116
134 130 115
135 128 115
135 128 115
134 127 114
132 126 113
134 125 113
133 125 112
162 124 121
144 124 120
136 123 122
140 125 125
151 125 123
189 126 127
176 125 125
179 124 123
149 124 122
116 122 119
133 122 116
186 126 126
186 126 128
152 125 124
116 124 119
106 123 118
99 123 119
92 123 120
87 123 120
78 123 121
75 123 120
74 123 120
73 123 119
72 123 119
73 123 118
76 123 118
76 123 117
77 123 117
77 123 117
76 123 118
74 124 118
74 124 119
71 124 120
69 124 120
58 123 127
60 123 128
61 123 128
62 123 128
63 123 128
64 123 128
65 123 128
66 123 128
67 123 128
68 123 128
69 123 128
72 123 128
77 124 128
82 123 129
87 123 129
92 124 129
98 124 129
98 124 129
103 124 129
107 124 129
111 124 129
115 125 129
116 125 129
117 125 129
119 125 130
119 125 129
119 125 129
118 125 128
118 125 127
120 125 127
122 125 126
122 125 126
123 125 126
125 125 126
126 125 126
124 126 125
122 126 125
118 126 124
104 125 125
97 124 124
90 124 124
85 124 123
82 124 123
82 123 123
82 123 123
82 123 123
82 123 123
82 123 123
82 123 123
82 123 123
82 124 123
82 124 123
82 123 123
81 123 123
82 123 123
82 123 123
82 123 123
82 123 123
82 124 123
81 123 123
82 124 123
81 123 123
82 124 123
81 123 123
81 123 123
81 123 123
82 123 123
81 123 123
81 123 123
90 125 127
89 125 127
88 125 127
88 125 127
87 125 127
87 125 127
86 125 127
85 125 127
85 125 127
84 125 127
83 125 127
83 125 127
82 125 127
81 125 126
80 125 126
80 125 126
80 125 126
80 125 126
80 125 126
80 125 127
81 125 127
81 125 127
80 125 127
79 125 127
78 125 127
77 125 127
77 125 127
76 125 127
76 125 127
74 125 126
74 124 126
74 124 126
74 124 126
74 124 126
74 124 126
74 124 126
74 124 126
74 125 126
74 124 126
74 124 126
74 124 126
74 124 126
74 124 126
74 124 126
73 124 126
74 125 126
74 125 126
74 124 126
74 125 126
74 125 126
74 125 126
74 125 126
73 125 126
74 125 126
74 124 126
74 124 126
74 124 126
74 124 126
74 124 126
74 124 126
74 124 126
74 124 126
81 124 126
87 124 126
94 124 126
100 124 126
108 124 126
114 124 126
121 124 126
128 124 126
136 125 126
142 125 126
150 126 126
157 125 126
166 125 127
172 125 127
180 125 127
187 125 127
195 126 127
204 126 127
212 126 127
221 126 127
229 126 128
239 126 128
246 126 128
251 128 128
256 128 128
256 128 128
256 128 128
256 128 128
256 128 128
256 128 128
256 128 128
256 128 128
256 128 128
256 128 128
256 128 128
256 128 128
256 128 128
256 128 128
256 128 128
256 128 128
256 128 128
256 128 128
256 128 128
256 128 128
256 128 128
256 128 128
256 128 128
256 128 128
256 128 128
256 128 128
256 128 128
256 128 128
256 128 128
256 128 128
256 128 128
256 128 128
256 128 128
256 128 128
256 128 128
256 128 128
256 128 128
256 128 128
256 128 128
256 128 128
256 128 128
256 128 128
256 128 128
256 128 128
256 128 128
256 128 128
256 128 128
256 128 128
256 128 128
256 128 128
256 128 128
256 128 128
256 128 128
256 128 128
256 128 128
256 128 128
256 128 128
256 128 128
256 128 128
256 128 128
256 128 128
256 128 128
256 128 128
256 128 128
256 128 128
256 128 128
256 128 128
256 128 128
256 128 128
256 128 128
256 128 128
256 128 128
256 128 128
256 128 128
256 128 128
256 128 128
256 128 128
256 128 128
256 128 128
256 128 128
256 128 128
256 128 128
256 128 128
256 128 128
256 128 128
256 128 128
256 128 128
256 128 128
256 128 128
256 128 128
256 128 128
256 128 128
256 128 128
256 128 128
256 128 128
256 128 128
256 128 128
256 128 128
256 128 128
256 128 128
256 128 128
256 128 128
256 128 128
256 128 128
256 128 128
256 128 128
256 128 128
256 128 128
256 128 128
256 128 128
256 128 128